2.457235657039121079e+01
2.643326687048855916e+01
2.402922505807709541e+01
2.486790060935457447e+01
2.087188146335983063e+01
2.299626344058338745e+01
2.288582087610613414e+01
2.540592300447676166e+01
2.282947795673025837e+01
2.038455612271063444e+01
2.229383440380804160e+01
2.363894556400492064e+01
2.485997903311132973e+01
2.363358378099693624e+01
2.329510742845351601e+01
2.106101407142366710e+01
2.315840925228849301e+01
2.649860818101281623e+01
2.378769243682699042e+01
2.233351200030328698e+01
2.067977821290369178e+01
2.326073207488766670e+01
2.530887708035242412e+01
2.158615877177057385e+01
2.094847161213024123e+01
2.077670201048262300e+01
2.330045678172519175e+01
2.500434864017275771e+01
2.541193333738780780e+01
2.359138562721566146e+01
2.412887703435885101e+01
2.290230539551979660e+01
2.207450762115804110e+01
2.278605401837421240e+01
2.390191442892644602e+01
2.089173238320343273e+01
2.394419617665686673e+01
2.308740562286926590e+01
2.411631104975254658e+01
2.332779338739441499e+01
2.065850948750154714e+01
2.382663445472430652e+01
2.421550363323277111e+01
2.412286192207992741e+01
2.450919042192240838e+01
2.315133709081873548e+01
2.434082631257214402e+01
2.201152169079847454e+01
2.480777969915839520e+01
1.998842115066394953e+01
2.261109973337850576e+01
2.348165882278603789e+01
2.342758821983157702e+01
2.092698576186752391e+01
2.081169049628802270e+01
2.175310804842021994e+01
2.249603312801324151e+01
2.542140435557864109e+01
2.364721870006018634e+01
2.180057778161536319e+01
2.485532373900181469e+01
2.259951813643636598e+01
2.267318570597151250e+01
2.019013643590189844e+01
2.457157420599740405e+01
2.001984833268605257e+01
2.453543906241869266e+01
2.194260345116780897e+01
2.127571908669724721e+01
2.126482728973579128e+01
2.135065199175130957e+01
2.364797014521234075e+01
2.099997630033544027e+01
2.182622352019970791e+01
2.363031539022827232e+01
2.067811683135357015e+01
2.186326997584874121e+01
2.515910783473250945e+01
2.290242707238274988e+01
2.278429321041523181e+01
2.415473023024011567e+01
2.345382477638255736e+01
2.021463306722934306e+01
2.450701677011792157e+01
2.411412666692654483e+01
2.182652383070923463e+01
2.163834587712447544e+01
2.227257834021233052e+01
1.923413780930639305e+01
2.130088636169616834e+01
2.323618136206498619e+01
2.126697583744552489e+01
2.243513136826629406e+01
2.351322806057629933e+01
1.930437918568993183e+01
2.341315365157563022e+01
2.230756332987662915e+01
2.336420914324178000e+01
2.151127031946210622e+01
2.214864982226334789e+01
2.101530405088861642e+01
2.474307487181657095e+01
1.919408783511370942e+01
2.499923962864075122e+01
2.056380771565161680e+01
1.734487851062320374e+01
1.910399993893824799e+01
2.400662569596228835e+01
2.059716485104246431e+01
2.555614583237204585e+01
2.356581594865699714e+01
2.334581340562130691e+01
2.147436857807366195e+01
2.070708597444236077e+01
2.196667235419401720e+01
2.353648364682614513e+01
2.303548064767480597e+01
2.317676741644738669e+01
2.220720608558510634e+01
2.506937622326325155e+01
2.393309418201211969e+01
1.981514437802103146e+01
2.143885564633720620e+01
2.166000141447049288e+01
2.198403305522153417e+01
2.784314772569878826e+01
2.123812265273945954e+01
2.248219485893067926e+01
2.524153157563371863e+01
2.109342111819483634e+01
2.217323070124210815e+01
2.086236170657582178e+01
2.057393888085654154e+01
2.295212759858830509e+01
2.387082917170014795e+01
2.312655795682712778e+01
2.286272184736160540e+01
2.064682225929672299e+01
2.168971394474807823e+01
2.325150331009655602e+01
2.274526165145040579e+01
2.166048680372056978e+01
2.164972586750757344e+01
2.034287147053940359e+01
2.162081424677991492e+01
2.163300225819166300e+01
2.277799982354987662e+01
2.185557530958906014e+01
2.347712495063410287e+01
2.244172675785161175e+01
2.562480546473272369e+01
2.299419833879187536e+01
2.165950783309384420e+01
2.224698566956540091e+01
2.238937182122662151e+01
2.487967955309312629e+01
2.196064511442739686e+01
2.359616188955732596e+01
2.492736224070405626e+01
2.283077426314734382e+01
2.716970320022590357e+01
2.478624833076869649e+01
2.156058476874292040e+01
2.154899565763329505e+01
2.017442025762283109e+01
2.446761249929397408e+01
2.042252760016096857e+01
2.157231575199257279e+01
2.244533642184022781e+01
2.228057618498624848e+01
2.178816445185235651e+01
2.011357060540201402e+01
2.489044722815923549e+01
2.146927582492677189e+01
2.269647502595189792e+01
2.412817958606155599e+01
2.194418508518803179e+01
2.611122737331347210e+01
2.293177718840549772e+01
2.286449206245501031e+01
2.194454431942924799e+01
2.252959100269810122e+01
2.235153204705575547e+01
2.169787201354522921e+01
1.931259170269249736e+01
2.071620652738534574e+01
2.216578754174995680e+01
2.258908799512786558e+01
2.474481543865863742e+01
2.388771525163911491e+01
2.198024811458958183e+01
2.454145526355689455e+01
2.238647050065054600e+01
2.528128347498062922e+01
2.320973852171281493e+01
2.174614888617930930e+01
2.278041814607195903e+01
2.524411436659115893e+01
2.245463884379595854e+01
2.402541649486806463e+01
2.461302096682563700e+01
2.553648007155149813e+01
2.137935696205146385e+01
2.184908102823653664e+01
2.533215042049904397e+01
2.363532812389255966e+01
2.423271384256553063e+01
2.501638922954766286e+01
2.270561884468729730e+01
2.073396817651385859e+01
2.042570650111073149e+01
2.507371221792826077e+01
2.282121220063062594e+01
2.256624241694316169e+01
2.096834474038836760e+01
2.300863449470972455e+01
2.376345801922200707e+01
2.515126367173842681e+01
2.353143072941371017e+01
2.454943802553893661e+01
2.187487857959370885e+01
2.256538306283666628e+01
2.255204592167367750e+01
2.155213357927487294e+01
2.158751778647495811e+01
2.183008845227610450e+01
2.215167077109254734e+01
2.062355735812709057e+01
2.126460027017196808e+01
2.291197840056617707e+01
2.151017908104390841e+01
2.269706884304613581e+01
2.439588472743590231e+01
2.335310176279936201e+01
2.124545310293123279e+01
2.221700073082364213e+01
2.133153292696868064e+01
2.209484019067911120e+01
2.470004062489106644e+01
2.190486176138841046e+01
2.458093102787163176e+01
2.278919692281859000e+01
2.109595742522743933e+01
2.192961506579262476e+01
2.610082317547497510e+01
2.305745406614867932e+01
2.106321718003481891e+01
2.157353548649277286e+01
2.186880570063710394e+01
2.031773993675949086e+01
2.287347961607116886e+01
2.424394899272877879e+01
2.169530843664892217e+01
2.033575408604286139e+01
2.251135435317996070e+01
2.530750400744256723e+01
2.287639598203769609e+01
2.338442954552609265e+01
2.114663438020995656e+01
2.288153310067277957e+01
2.024973741770735103e+01
2.267035183612070526e+01
2.370363252669320175e+01
2.318580271317340191e+01
2.250178910047106839e+01
2.079185154811784386e+01
2.158097912333852619e+01
2.139424082474732103e+01
2.342974904158919003e+01
2.156574857475230900e+01
2.219625902538229312e+01
2.223747504319423740e+01
2.461191527605535256e+01
1.914307470257178423e+01
2.322670433889831187e+01
2.231634182237465325e+01
2.174796460664560271e+01
2.217112840356198689e+01
2.151658253368115581e+01
2.220479975164874986e+01
2.541250679822679004e+01
2.362663656628463116e+01
2.254928133707305449e+01
2.430308766636127515e+01
2.202437939715352400e+01
2.361741461012246290e+01
2.363054141177667944e+01
2.324228331615889331e+01
2.300919639564578034e+01
2.671327365021831568e+01
2.272295440107660625e+01
2.309867367848352160e+01
2.651663678130534763e+01
2.159224553155501169e+01
2.510316152881516416e+01
2.226354445878160959e+01
2.148908095117786488e+01
2.413603940362643741e+01
2.457375374636922061e+01
2.347232639756446915e+01
2.312482011989375863e+01
2.132439942395005161e+01
2.132091596385025056e+01
1.968191958265883557e+01
2.439645923015059026e+01
2.150609711498278642e+01
2.238771376492269027e+01
2.763893956545541286e+01
2.120903715991123661e+01
1.871493030569791927e+01
1.931514976347743584e+01
2.187135812174258831e+01
2.477564993841821206e+01
2.178104572478973822e+01
2.306715547996746807e+01
2.323146755711170997e+01
2.669102243165523092e+01
2.479606388042115839e+01
2.193252440123896108e+01
1.707249568714353671e+01
2.664725823904351287e+01
2.631226097679461517e+01
2.431362390654822647e+01
2.377608715138586248e+01
2.123003707788365091e+01
2.145015989138211765e+01
2.127942122446219386e+01
2.404101640619500557e+01
2.177558498890901362e+01
2.092390075134423100e+01
2.306409499186388246e+01
1.923038141309835325e+01
2.408140340440813887e+01
2.037162253859554184e+01
2.498618834557876767e+01
2.525178494180554978e+01
2.610860992198416142e+01
2.383927529287631586e+01
2.480025117254318090e+01
2.269785698165571475e+01
2.394952202803108676e+01
2.446329665988263358e+01
2.047906098862939572e+01
2.403651189065168481e+01
2.392412854033832303e+01
2.062973369637228060e+01
2.367601572461022741e+01
2.101853530310564011e+01
2.259124784574621003e+01
2.280714004561798447e+01
2.342288536060631543e+01
2.373284272701060971e+01
2.524510445251454627e+01
2.339736889800541064e+01
2.090395334023040874e+01
2.219200775331373521e+01
2.425960296639322067e+01
2.392876625242940136e+01
1.988335780342721648e+01
2.392423658972474598e+01
2.509247829515065931e+01
2.249109447661076899e+01
1.813403553937480694e+01
2.432144140182353809e+01
2.408366209290446136e+01
2.335354220382132695e+01
2.486958312663858450e+01
2.285294153065305522e+01
2.004119134261019752e+01
2.220173700039388009e+01
2.061356355898708514e+01
2.645091049399021799e+01
2.232726747236245401e+01
2.099785547174437994e+01
2.197215810772359745e+01
2.167069317153734787e+01
1.973438903230385577e+01
2.082203826185755702e+01
2.216237399922929896e+01
2.388282547674062428e+01
1.958776554288389704e+01
2.457604321716368290e+01
2.545755245183173798e+01
2.305095084191723487e+01
2.305937561403266756e+01
1.967219859002237570e+01
2.483732615288159096e+01
2.463982084512946003e+01
2.297974182778178687e+01
2.201320060330575501e+01
2.553203852929893714e+01
2.075428460768305428e+01
2.336481956126155879e+01
2.481736178027379935e+01
2.420554977622991899e+01
2.286564212306009836e+01
2.178123434803818981e+01
2.299823923490345123e+01
1.994954268687806831e+01
2.332321692028859772e+01
2.586170793321438310e+01
2.202543780394664807e+01
2.196049205505159918e+01
2.118479346898590521e+01
2.188669052879965093e+01
2.236982946650597981e+01
2.225451739818942798e+01
2.360424689770946571e+01
2.121351750322355656e+01
1.995646094918381408e+01
2.222076871173500834e+01
2.239049679153915307e+01
2.312747729762979887e+01
2.239382718282948304e+01
2.206893901057805252e+01
2.106165023553631599e+01
2.111858951566228271e+01
2.254640244574000718e+01
2.322529784164583333e+01
2.397423278799499258e+01
2.522014997316085072e+01
2.138611921225614054e+01
2.016296498721748875e+01
2.149659562795047663e+01
2.358764089943019471e+01
2.015158070817925307e+01
2.035416319280877673e+01
2.240421616874534294e+01
2.154630618427562894e+01
2.586970830929281817e+01
2.122114881718111690e+01
2.253658345306469002e+01
2.574778660761602467e+01
2.457164214219330844e+01
2.162936539655257917e+01
2.262457546937767816e+01
2.126287135648082938e+01
2.385152949896583507e+01
2.038556382111219989e+01
2.074426375135200473e+01
2.294645323478654930e+01
2.162652160752653430e+01
2.136798653163969064e+01
2.069194203823222011e+01
2.268355629449003175e+01
2.370220384126053759e+01
2.625179060399835862e+01
2.095689973423522190e+01
2.151345083460948615e+01
2.103343144867967140e+01
2.569668245394756667e+01
2.539038518922196275e+01
2.402575592425258577e+01
2.196102588618799345e+01
2.184610305175625200e+01
2.315306230529028753e+01
2.229895445428736878e+01
2.267297099799244364e+01
2.182573357624525556e+01
2.017046098315066871e+01
2.249612470509427098e+01
2.105084526444196413e+01
2.395568329903925786e+01
2.476000423150029661e+01
2.424795972292466928e+01
2.237989653870688045e+01
2.169133013905535634e+01
2.503228197947754907e+01
2.257382577996602890e+01
2.530899458557122372e+01
2.168745695923283634e+01
2.426879832048764030e+01
2.238654668025017713e+01
2.583309373537981202e+01
2.709246453301221891e+01
2.228475349065274358e+01
2.456376666847691226e+01
2.535778312412402613e+01
2.241010273453690971e+01
2.178979462974751868e+01
2.259410312988124403e+01
2.344265073287310486e+01
2.101541190547244398e+01
2.339396486705870615e+01
2.327995870360051356e+01
2.233427166577284950e+01
1.853539919602696529e+01
2.451115535573128312e+01
2.517845175256274004e+01
2.072470199719276707e+01
2.269529336349900461e+01
2.398313984874544857e+01
2.233941991289712448e+01
2.464430960633226775e+01
2.250079700653807180e+01
1.881093347482649136e+01
2.472223482697656749e+01
2.344347222983889623e+01
2.293114685664998120e+01
2.011061384780846950e+01
2.232388965901835221e+01
2.256624937884895132e+01
2.082656828270488347e+01
2.335904242107808315e+01
2.399066649202969259e+01
2.364117357779494100e+01
2.244729435909156479e+01
2.254169074855242627e+01
2.404548774773299513e+01
2.193282760183477009e+01
2.141313005342738762e+01
2.281751783367779396e+01
2.234077113693876626e+01
2.050833735852880579e+01
2.142758364737251853e+01
2.169221925782941085e+01
2.134363648880731645e+01
2.328228222313991580e+01
2.035387883704320444e+01
2.339766538010820796e+01
2.616359618953856980e+01
2.148596994866056065e+01
2.269980179532659648e+01
2.470466679658415998e+01
2.135968540933779636e+01
2.276940930426076903e+01
2.372433002985233941e+01
2.262051283652824551e+01
2.090561215208098034e+01
2.448487341901975967e+01
2.107662989648538954e+01
2.246012777709477604e+01
2.366293862264921444e+01
2.257755061580020595e+01
2.205840937930477708e+01
2.163660454893043195e+01
2.291622839262514333e+01
2.514441472214520346e+01
2.459524277341707688e+01
2.289730984261072422e+01
2.094312211074310781e+01
2.351475907442473456e+01
2.092255164799046696e+01
2.368052995564912067e+01
2.139788206144794813e+01
2.082819263124210707e+01
2.161901708980710879e+01
2.123711359122993159e+01
2.149013215966747126e+01
2.181960238819531384e+01
2.313259337532928583e+01
2.480834382673328520e+01
2.064511824328711853e+01
2.046747253726713467e+01
2.453598629274186749e+01
2.112501006368037793e+01
2.469827779236038268e+01
2.213465436524304764e+01
2.146596818395020634e+01
2.286573764784925089e+01
2.163021947942554846e+01
2.108225534212592933e+01
2.734987287414634594e+01
2.150515232318371162e+01
2.284321382285705937e+01
1.960333099551075620e+01
2.285257090340277841e+01
2.053967859765007375e+01
2.133055823930800798e+01
2.042661782395450487e+01
2.303203278155495681e+01
2.164604294508495030e+01
2.194301173818412209e+01
2.397636445460782539e+01
2.263055289762243660e+01
2.121839799753148981e+01
2.308175377876727197e+01
2.409407603411505860e+01
2.393019663032591637e+01
2.468583940607049598e+01
2.635520077620695645e+01
2.122959058111942099e+01
2.510181402616874280e+01
2.380623075602718686e+01
2.320296859281293322e+01
2.412801899452156817e+01
2.147331791413142810e+01
2.146858277245843638e+01
2.163439171749497092e+01
2.249887360241669043e+01
2.302944920467251677e+01
2.237105230351593121e+01
2.025508109319166294e+01
2.201541802071965748e+01
2.452150724835081519e+01
2.119118791503850829e+01
2.189451988091750678e+01
2.189242379366810098e+01
2.441064148050186589e+01
2.314100737817710396e+01
2.133596405710949995e+01
2.471930562637001572e+01
2.110877629254312993e+01
2.165924271377295440e+01
2.239300272442968520e+01
2.368768584444388026e+01
2.338942721134772285e+01
2.338464084143415178e+01
2.397217569056938657e+01
2.151354282988337019e+01
2.188457534365967305e+01
2.507771110965720851e+01
2.253304518457040118e+01
2.529264082819430115e+01
2.137784083284171643e+01
2.213319475808071957e+01
2.651286621372130625e+01
2.700727776752765408e+01
2.135472674357025014e+01
2.234803673649671296e+01
2.257518279468669675e+01
2.462913434212818231e+01
2.186187489310770005e+01
2.142074223180036796e+01
1.965108031471822869e+01
2.332644764867296772e+01
2.459958652985537597e+01
2.520355325021753856e+01
2.083350413381356603e+01
2.097874423756748641e+01
2.408084069315000164e+01
2.428043354470455384e+01
2.033536426186986645e+01
2.392045922975243855e+01
2.139136242374445729e+01
1.995962917019412686e+01
2.320683406343457378e+01
2.466069128850867997e+01
2.328188055763605746e+01
2.277755225688570206e+01
2.089192195882203151e+01
2.181333170365903484e+01
2.029746730016391254e+01
2.060034511899356247e+01
2.038947201770305639e+01
2.245759825292691758e+01
2.444766824943259564e+01
2.253511251108581703e+01
2.408310936168252780e+01
2.319226182721460461e+01
2.334177992159241910e+01
2.600288742582079848e+01
2.058286130962969196e+01
2.230829684012112324e+01
2.136594409404041883e+01
2.341055644204705999e+01
2.143870484685377775e+01
2.275919282127765797e+01
2.446046782094556349e+01
2.262549088263959618e+01
2.161650025091683602e+01
2.319528997700770390e+01
2.371250332727471033e+01
2.324104208829995954e+01
2.458376453618723900e+01
2.351471014668476300e+01
2.264197772605865211e+01
2.385630138443281467e+01
2.095572047675048566e+01
2.051506184134999344e+01
2.312647321833602376e+01
2.041195497689700389e+01
2.268048660058814292e+01
2.281180956214200606e+01
2.483538945230006334e+01
2.383466915073927339e+01
2.769481357440795932e+01
2.163901360412215524e+01
2.276989868981425857e+01
1.942886413966039783e+01
2.422384891975947951e+01
2.669126093244188880e+01
2.505437293680022748e+01
2.381277071106993048e+01
2.238498210214640238e+01
2.188856003428406183e+01
2.190836377438252214e+01
2.248712927086284097e+01
2.277389857265600526e+01
2.138456989689786170e+01
2.381178327677625717e+01
1.975326947166186642e+01
2.140444217488175127e+01
2.438662677171325299e+01
2.116458260433568839e+01
2.256899002863295678e+01
2.069987628070177976e+01
2.310920121112991410e+01
2.475948648255147688e+01
1.923631633830120080e+01
2.498582008976331892e+01
2.170557513379812775e+01
2.505051003406499532e+01
2.000231560127890518e+01
2.165551858066626778e+01
2.072054076427098579e+01
2.235273677170311046e+01
2.095084597025773832e+01
2.231308264334715474e+01
2.585913689533677129e+01
1.998721823106414419e+01
2.271579458868214374e+01
2.173202353689363164e+01
1.891184923693457520e+01
2.197408429653453510e+01
2.523333870242710830e+01
2.295935438438477050e+01
2.259951605303758626e+01
2.205064801076245473e+01
2.181134243094702185e+01
2.112558506802651337e+01
2.476189175142019394e+01
2.045405346198814556e+01
2.058444243159699383e+01
2.078109188892766213e+01
2.123512825418358219e+01
2.441588171636343318e+01
2.273358235754994539e+01
2.452916292169291879e+01
2.282601811076247245e+01
2.476699402326344313e+01
2.361288566883080620e+01
2.343493632695039963e+01
2.253161718924027923e+01
1.820140507487950288e+01
2.346054471752603376e+01
2.227946997250416672e+01
2.255139990665155025e+01
1.867606515532767020e+01
2.363478904973950634e+01
2.298857970416472440e+01
2.404737170082555764e+01
2.383498332895258542e+01
2.119942309461088925e+01
2.163630378345021654e+01
2.125860416819611487e+01
2.393402487864447892e+01
2.082236926465021654e+01
2.435088014341203078e+01
2.174712616112831753e+01
2.371777186112493752e+01
2.261451798297438742e+01
2.300931760210971078e+01
2.491485706858965443e+01
2.192511852974377717e+01
2.642239239698635700e+01
2.210243008741666415e+01
2.057513385832847419e+01
2.395072945561664213e+01
2.148908312715390778e+01
2.439578724808445997e+01
2.586691987956753636e+01
2.352680950187024322e+01
2.112916792545488676e+01
2.655265670680523371e+01
2.188089134980615214e+01
2.280919555261368359e+01
2.032814732311725336e+01
2.260438728009401643e+01
2.370775330412229209e+01
2.273404709857637229e+01
2.262877950992795206e+01
2.580633627209226333e+01
2.202976871118977797e+01
2.458382624717883047e+01
2.471861086898130466e+01
2.114835135759453877e+01
2.375876381364686196e+01
2.302979113811267453e+01
2.257982214425398482e+01
2.646696482643768178e+01
2.394731966212271246e+01
2.387271140499092326e+01
2.024817335634554283e+01
2.081606189013355745e+01
2.182889745824368077e+01
2.228983915427257756e+01
2.561179002106576164e+01
2.330642724092093232e+01
2.207358269389882111e+01
2.131251732515641351e+01
2.219266979469338708e+01
2.325967473043323963e+01
2.200134612342099771e+01
2.217833108078107429e+01
2.150614326827090039e+01
2.186379038229732430e+01
2.094447799125381948e+01
2.269845454073150037e+01
2.368357067999146182e+01
1.889627947097433847e+01
2.093381624995691936e+01
2.011247142035751168e+01
2.510254267153092655e+01
2.060139173715765537e+01
2.336741290779665547e+01
2.126441983602085628e+01
2.175725721565795823e+01
2.366972716530034404e+01
2.427114421888833817e+01
2.368521083871549138e+01
2.005490978911871736e+01
2.280320689980518267e+01
2.647775210612888230e+01
2.317436518196841533e+01
2.388404371736723775e+01
2.364129424555363457e+01
2.149925235489374487e+01
2.194078653085838582e+01
2.356469750194854029e+01
1.891777893623181583e+01
2.427387664671595502e+01
2.396384954742978479e+01
2.339637395825302590e+01
2.298001742603816311e+01
2.251565917757646673e+01
2.255986326607306225e+01
2.258135858636908111e+01
2.362711433057391730e+01
2.101522883050598267e+01
2.187886430194366838e+01
2.349438551066744907e+01
2.275835933229120656e+01
2.430148010936182956e+01
2.099764873722646641e+01
2.192255313049307475e+01
2.186406430777215348e+01
2.477216452585507156e+01
2.002945802562381061e+01
2.235249465862714402e+01
1.969525863676504684e+01
2.531463817918236003e+01
2.234574621274665773e+01
2.416352473783701882e+01
2.405225182794225347e+01
2.031196108927901633e+01
1.992492676699225029e+01
2.238368227107099884e+01
2.317829332384083330e+01
2.079219678955098516e+01
2.310242017013484528e+01
2.252216594626063539e+01
2.505489868339164872e+01
2.223070906760256804e+01
2.314283761576289322e+01
2.398345829788457451e+01
2.192842543890850848e+01
2.404193418675658123e+01
2.469419704326879028e+01
2.435364130618253498e+01
2.345558498435970662e+01
2.436522699700434202e+01
1.869248127478754995e+01
2.236949600761001733e+01
2.294867134024452326e+01
2.383498808383764000e+01
2.316594044844422129e+01
2.206714718516503737e+01
2.348030167039492966e+01
2.461047071174183642e+01
2.702801128002148090e+01
2.120547298365182698e+01
2.160892938759591075e+01
2.137591753912714765e+01
2.174338415697202009e+01
2.103386355365539728e+01
2.092886721033732655e+01
2.140903570187325755e+01
2.550840913027134604e+01
2.318339730349918781e+01
2.223240570501886637e+01
2.238881795456421386e+01
2.352151356715501862e+01
2.313655234390357762e+01
2.340923675603912457e+01
2.277812186910840353e+01
2.348113917460753797e+01
2.251143870788546408e+01
2.390626387334738823e+01
2.333468131401635048e+01
2.270167506577694638e+01
2.399590372030467122e+01
2.173927140710808814e+01
2.163722923498994888e+01
2.201716583111266345e+01
2.354332415946385737e+01
2.246111166396075376e+01
2.053561711539613555e+01
2.305168617438555145e+01
2.535407451448308791e+01
2.260736975515798974e+01
2.099039606032795291e+01
2.417811469837727145e+01
2.466263480776531480e+01
2.258185110008114194e+01
2.029538044809903852e+01
2.160268719851140773e+01
2.338133285367255354e+01
2.093905716184928778e+01
2.354049279929585836e+01
2.121182065005668704e+01
2.114097120362967885e+01
2.142270227198985566e+01
2.381791140972199017e+01
2.360774639789723395e+01
2.204814630514674434e+01
2.502379043399255210e+01
2.259427774103556530e+01
2.324809647429479398e+01
2.436173593936993242e+01
2.323165092455239744e+01
2.045609855279625577e+01
2.267197423679738577e+01
2.198576099283198459e+01
2.175255352264149877e+01
2.187933401700224323e+01
2.314409816805631337e+01
2.300254592753003990e+01
2.208693648151527356e+01
2.649572677265841492e+01
2.063677987480289033e+01
2.375985376029146678e+01
2.351402216865226080e+01
2.123072775502292231e+01
2.589855120430665281e+01
2.206325071447989217e+01
2.345541251708955599e+01
2.033105941497959535e+01
2.351685892260148947e+01
2.030884411928009570e+01
2.153745134817339490e+01
2.140927773947718293e+01
2.390779322880711177e+01
2.111863787853376095e+01
1.966291995349013888e+01
2.248798553618545526e+01
2.455363916322040652e+01
2.319669251312671321e+01
2.332962743187752963e+01
2.220028899373709308e+01
2.196088271050504304e+01
2.349220602102151290e+01
2.227198112776515515e+01
2.282469575959481389e+01
2.447961263902951856e+01
2.091984279850269246e+01
2.096752239492536773e+01
2.128633085910191980e+01
2.348936883595042246e+01
2.049177093422570906e+01
2.319980657501803378e+01
2.103508823918410187e+01
2.552832374334289867e+01
2.488400069590094432e+01
2.151580686363086414e+01
2.204236274929920469e+01
2.307757924667594196e+01
2.320986570913795788e+01
2.220022693828723703e+01
2.336830327088270920e+01
2.251479721634742504e+01
2.344887094755885215e+01
2.236866786538197260e+01
2.251051940705037779e+01
2.271491213098229167e+01
2.657910049914008965e+01
2.497710301735197191e+01
2.329413961469381533e+01
1.963890163483656437e+01
2.326357411866719360e+01
2.053798591427937126e+01
2.619303100505696236e+01
2.132642010817015077e+01
2.450377276853371811e+01
2.121598728513025378e+01
2.460535250006547514e+01
2.145437464650498782e+01
2.197909057264686439e+01
2.147687067674950612e+01
2.108363018353081841e+01
2.396807329098459149e+01
2.631969894959528844e+01
2.314686201411683442e+01
2.472294192951140346e+01
2.122935053044683684e+01
2.161651909273078687e+01
2.123092281065202869e+01
2.169530758228485823e+01
2.069527179018066576e+01
2.246113799261163280e+01
