2.467034301102159333e+01
2.646563803019556715e+01
2.409309079391930908e+01
2.490118973364974053e+01
2.092865347124059028e+01
2.307237585287543169e+01
2.295643803498781210e+01
2.553406090351858282e+01
2.294918649696113278e+01
2.047754150607002543e+01
2.241068359345359795e+01
2.370858692676178592e+01
2.493439749761792967e+01
2.368121672480226891e+01
2.341462917043529046e+01
2.113135011758444293e+01
2.317258394050493919e+01
2.661765024800416413e+01
2.387641932693072633e+01
2.245919990897654017e+01
2.078761634669453073e+01
2.334217729524890572e+01
2.539081412022973439e+01
2.169924983110678340e+01
2.101810372240471381e+01
2.084867167073775462e+01
2.340292088589547248e+01
2.506360241496475894e+01
2.547748183691589219e+01
2.364920395588241675e+01
2.423792877545547242e+01
2.300312911958947737e+01
2.219336472230112633e+01
2.286791907974150462e+01
2.394870483063020572e+01
2.094400080944832609e+01
2.407375408096241287e+01
2.316211644953858695e+01
2.416032058727061838e+01
2.343196038395295133e+01
2.075293235375337630e+01
2.388543253674825451e+01
2.432569800474562882e+01
2.425205517831689761e+01
2.458010059753442889e+01
2.324940783377194720e+01
2.441761627295660730e+01
2.206297056134862800e+01
2.490506331022712772e+01
2.011233314174983633e+01
2.269457474147916187e+01
2.350947796663892220e+01
2.352064956336951340e+01
2.105267884125289868e+01
2.093820230321144393e+01
2.182984132342540207e+01
2.255563767685145393e+01
2.546775167596373279e+01
2.369168314505376571e+01
2.191180746646630695e+01
2.493582438494860298e+01
2.273282599059378484e+01
2.279326027218166573e+01
2.026310420696420422e+01
2.459166306716199557e+01
2.008638949761344250e+01
2.462484636498852453e+01
2.202277215094910545e+01
2.132523061318557467e+01
2.133889280184664372e+01
2.144910854230009889e+01
2.374938051686631368e+01
2.108184366557567557e+01
2.186904323273113704e+01
2.374322432232834856e+01
2.076946559309509155e+01
2.197024863844456632e+01
2.524243747649230940e+01
2.299281118295377624e+01
2.289333916496038412e+01
2.421035064030537498e+01
2.350689435006986017e+01
2.027936719505196805e+01
2.455930105557957788e+01
2.421660358517996414e+01
2.199975333507096309e+01
2.169443272627677288e+01
2.235112505580654485e+01
1.931788548155690322e+01
2.142022380308080187e+01
2.331023293818173059e+01
2.137044527690146367e+01
2.251895293604444959e+01
2.359254989565709693e+01
1.940284588213853567e+01
2.350662234893696834e+01
2.235665065328163337e+01
2.340589057304973153e+01
2.158499957805065250e+01
2.226302256098414389e+01
2.108419244354015376e+01
2.481758106020032528e+01
1.928214127343168016e+01
2.503630504346752872e+01
2.062900045349284284e+01
1.742792449149446199e+01
1.915473726804008692e+01
2.411156630725208316e+01
2.066069382607989979e+01
2.557140898022286279e+01
2.369303212678910242e+01
2.336222257134098257e+01
2.161615226601350059e+01
2.078083074615004477e+01
2.206197277939404700e+01
2.363507747851856777e+01
2.313676951412368510e+01
2.327359002778869268e+01
2.223392153480638456e+01
2.516793454611238445e+01
2.393300502386687967e+01
1.988493662798249773e+01
2.150269763331322892e+01
2.173921397321240079e+01
2.203685989110281795e+01
2.791800808158539837e+01
2.133415719305712699e+01
2.253910970073730624e+01
2.532951060114200814e+01
2.121758940368942348e+01
2.226359478476428322e+01
2.086842322067753130e+01
2.064472083600012553e+01
2.303360721670031097e+01
2.391855974405515184e+01
2.318769783565450737e+01
2.293058232943942087e+01
2.077033601091421033e+01
2.175852284471446296e+01
2.333673460007810974e+01
2.279013764915554674e+01
2.174930042639027405e+01
2.178843606983987158e+01
2.047452867655553277e+01
2.173253582386147187e+01
2.175121015130823210e+01
2.286848258051563221e+01
2.191564575431827677e+01
2.353871370421198961e+01
2.248413649504220757e+01
2.574435575520658404e+01
2.308708394122892926e+01
2.172738662026395318e+01
2.231867506287420611e+01
2.240740095907504070e+01
2.491415081294590905e+01
2.207391865790932073e+01
2.365841375365594601e+01
2.508363213486599719e+01
2.291465767606711879e+01
2.723242442707430300e+01
2.485901314295639608e+01
2.168560838569871052e+01
2.163027788600081536e+01
2.029796209336997492e+01
2.449558322342748795e+01
2.049219851129938874e+01
2.164997451994150879e+01
2.260272157834508633e+01
2.233711849103004354e+01
2.185095819461655253e+01
2.018905243416790540e+01
2.496172973952241847e+01
2.152213548829716672e+01
2.279253387670501496e+01
2.423523558111534726e+01
2.197125326802975209e+01
2.615183765321388520e+01
2.303383118091072035e+01
2.292650224098853684e+01
2.204883650377818327e+01
2.260238476274914632e+01
2.243764728940830011e+01
2.180557842372520128e+01
1.936280896343308555e+01
2.080093022249314672e+01
2.224692058323247323e+01
2.264162707825230569e+01
2.487603528122478025e+01
2.399384640767027577e+01
2.205349391874257847e+01
2.456593812571782465e+01
2.243830537521118629e+01
2.536456312178298589e+01
2.324043127583428259e+01
2.182841493488695761e+01
2.284529080289890501e+01
2.528210364634099250e+01
2.253663252016162133e+01
2.411324551455077270e+01
2.464775953817040133e+01
2.562675912853940829e+01
2.145890599031030277e+01
2.193378349370644642e+01
2.543694054641972713e+01
2.370735516938911402e+01
2.426298019134973671e+01
2.510294723869848355e+01
2.279017417153296066e+01
2.079482785022117852e+01
2.050239818477484732e+01
2.513652939878696202e+01
2.286506156596055916e+01
2.261217902626603049e+01
2.104133018275970102e+01
2.312932931004374382e+01
2.377560070213347387e+01
2.517781336424210181e+01
2.358497803107342250e+01
2.465325977543601255e+01
2.197324693287898967e+01
2.265496478484689646e+01
2.258673460484086348e+01
2.164645615753996211e+01
2.174162814088466078e+01
2.191049434817478669e+01
2.220991413463882225e+01
2.068499560916796653e+01
2.141278448082653441e+01
2.296565816776592328e+01
2.153029259148643604e+01
2.275624108591955519e+01
2.446570149160113772e+01
2.345700464680693287e+01
2.133691913999095036e+01
2.232571746765431087e+01
2.143809505832552276e+01
2.212553770522691821e+01
2.475209097348155751e+01
2.199895688719479736e+01
2.464680268733677337e+01
2.280725216988375337e+01
2.115585900665483265e+01
2.194136746263814430e+01
2.621383609571925533e+01
2.308227350075527440e+01
2.116119495873108747e+01
2.165368302353914132e+01
2.197525680441444962e+01
2.039029649392728416e+01
2.299070788026154943e+01
2.429927249633607644e+01
2.178824304861904082e+01
2.045907372203414809e+01
2.257193521921409030e+01
2.533425205007585390e+01
2.292108566039675921e+01
2.344563230883579763e+01
2.122654424144925756e+01
2.296830944701168775e+01
2.033941048830143572e+01
2.282132155027954923e+01
2.375666946128345103e+01
2.325793829840045746e+01
2.259841500538062320e+01
2.090432114360743299e+01
2.166404862526862374e+01
2.152124041690755263e+01
2.347374418492841031e+01
2.165857646390856317e+01
2.228460501382859960e+01
2.236504607748535278e+01
2.470795395979276066e+01
1.920587810504665782e+01
2.329436270113789931e+01
2.231028080692048832e+01
2.186742594543441953e+01
2.227476138603972444e+01
2.163064317987626595e+01
2.228497151368851092e+01
2.551239023205527801e+01
2.361451976478517878e+01
2.259981404918903181e+01
2.434522639141751554e+01
2.213056296469567386e+01
2.366631440280250942e+01
2.373537282126568826e+01
2.328247840349855480e+01
2.305196891996445885e+01
2.679562475068929572e+01
2.282720653856030779e+01
2.319390822546143482e+01
2.657788752952536271e+01
2.167882962697077431e+01
2.521717318976109112e+01
2.234947361724812964e+01
2.152922892182543180e+01
2.422947215729069725e+01
2.465145852332607035e+01
2.356361311711748741e+01
2.325427977113845657e+01
2.144139029497504012e+01
2.142858260823582484e+01
1.978408681600638985e+01
2.440759959981004457e+01
2.155544529319335112e+01
2.246186345384957050e+01
2.764779399946880645e+01
2.125228071735029189e+01
1.875685628532781379e+01
1.939188382279247591e+01
2.195044408076590159e+01
2.480811446230893935e+01
2.188443505861192051e+01
2.315748811809396912e+01
2.328953347747652103e+01
2.676239147391559925e+01
2.484694025407857509e+01
2.200810035794833297e+01
1.718329306790256439e+01
2.671561662611266286e+01
2.642069679297704354e+01
2.439670140596714631e+01
2.382389502030798312e+01
2.135411722767145193e+01
2.152274119108190931e+01
2.131318642839411126e+01
2.414387415461343167e+01
2.183240004095217301e+01
2.103037981225469721e+01
2.308694932941232736e+01
1.943096062861981821e+01
2.419831595472207297e+01
2.044076587036033033e+01
2.509240374062837020e+01
2.534151010712630381e+01
2.620296696799859504e+01
2.392149250360142076e+01
2.482977894870887781e+01
2.271272420768852740e+01
2.398857257304128154e+01
2.455740675676721096e+01
2.062300161959818823e+01
2.409529378503482633e+01
2.402807480230092096e+01
2.070665495251539312e+01
2.379271785073709822e+01
2.107819526637235086e+01
2.269311778133280910e+01
2.283974361148481691e+01
2.346095182396101109e+01
2.382961769443003419e+01
2.533431459784395656e+01
2.347920946358366123e+01
2.096203715024065417e+01
2.223316723822432905e+01
2.431967105034882692e+01
2.406492042585785640e+01
2.000495043637124937e+01
2.405696908907014731e+01
2.513061985705630619e+01
2.256425437455275684e+01
1.821304083733676649e+01
2.438049889894943689e+01
2.417242483953955912e+01
2.338551067074753220e+01
2.502272305938047481e+01
2.290526305293967368e+01
2.013081688075341447e+01
2.229660766432839125e+01
2.069377349185621995e+01
2.649897981167887551e+01
2.243221889728049945e+01
2.109237285352067914e+01
2.208013569497834538e+01
2.173492829258706749e+01
1.979839469770955418e+01
2.090838459142193528e+01
2.230289881676561592e+01
2.398156278723058676e+01
1.957103501724057892e+01
2.471606651988565773e+01
2.552222422661375489e+01
2.309487969329508772e+01
2.308870244072710420e+01
1.978117617526395122e+01
2.491747135533573143e+01
2.469236724007225803e+01
2.303395298362030275e+01
2.215579467762270482e+01
2.560170703073605480e+01
2.083843892894173777e+01
2.344585250763798712e+01
2.488884264204045849e+01
2.430030900336363686e+01
2.292913215809569749e+01
2.186594070894970798e+01
2.302409732332620251e+01
2.004878853832455832e+01
2.338896525349613142e+01
2.589846249635754916e+01
2.209086258158846050e+01
2.206877783826807615e+01
2.129802177486026693e+01
2.200678091914366519e+01
2.245581073304025210e+01
2.233950592725998874e+01
2.370578793190607314e+01
2.128091738308310710e+01
2.006012826207076216e+01
2.231025464252409307e+01
2.250480948917507718e+01
2.318003440911509117e+01
2.249510682530005923e+01
2.217428717868635246e+01
2.112651101476367188e+01
2.123059087172397597e+01
2.263430041409770155e+01
2.328974137018804313e+01
2.411871210217814721e+01
2.527836073431582875e+01
2.154248749897563897e+01
2.019769996631280407e+01
2.153031714085877013e+01
2.370306740725197159e+01
2.017608429028176786e+01
2.042034324189357974e+01
2.247910983811056340e+01
2.167665606274361068e+01
2.593424707716824074e+01
2.126711065208486318e+01
2.263588692432700000e+01
2.581994120319428276e+01
2.465201973928149570e+01
2.174153180604560376e+01
2.268974987689887257e+01
2.133612923394943550e+01
2.399526328650711093e+01
2.049385465837301368e+01
2.078999738732212066e+01
2.299762208381355322e+01
2.165876558326337076e+01
2.142948281219387852e+01
2.082813867434700583e+01
2.278444034363623061e+01
2.380691318531441780e+01
2.633202822226430939e+01
2.097171823794397483e+01
2.160486209086842635e+01
2.117133567078198908e+01
2.584002194217810455e+01
2.548259823053531292e+01
2.410979537985263121e+01
2.205159029208030574e+01
2.192950267632310357e+01
2.320041989319748055e+01
2.238054769572475422e+01
2.278553091478553938e+01
2.195340690240717052e+01
2.027608277489526856e+01
2.258950220045444368e+01
2.106668665709374366e+01
2.399514499082161478e+01
2.484229888500157202e+01
2.438624674324262287e+01
2.244417765016007493e+01
2.178249100052383014e+01
2.508508149680583443e+01
2.267005970933373860e+01
2.535567418716192023e+01
2.177926694829267973e+01
2.432323326244674533e+01
2.248775554468146964e+01
2.590469764292235766e+01
2.718993774251433848e+01
2.236304605165964432e+01
2.461602147568858001e+01
2.539442204950550774e+01
2.246334114103267510e+01
2.190798344050448776e+01
2.267623523018567155e+01
2.350728870347456123e+01
2.112199126879590949e+01
2.347753082899077981e+01
2.339746464924538927e+01
2.241016993672116087e+01
1.861148110398930200e+01
2.461652027075917815e+01
2.520946161077593572e+01
2.083484329964294801e+01
2.272608898902343455e+01
2.406574538994071233e+01
2.241345903454196176e+01
2.469076286345390159e+01
2.260362070725668815e+01
1.889890779952953537e+01
2.482858380264999454e+01
2.362074531075975869e+01
2.306656650694564448e+01
2.013684353631770918e+01
2.246749835196495937e+01
2.258505611881956909e+01
2.091489586691183433e+01
2.343092817508982151e+01
2.405844364641439270e+01
2.367539558987022730e+01
2.254362215254498381e+01
2.261474251798692947e+01
2.408021876227989466e+01
2.204251632895056900e+01
2.145056002158226249e+01
2.283578720856296940e+01
2.239878627144189949e+01
2.067294136233887158e+01
2.152940089079528718e+01
2.179509330008287193e+01
2.146355439788197117e+01
2.340535194507615202e+01
2.045378073338660130e+01
2.347478885216625955e+01
2.619015734325850531e+01
2.155450656629059480e+01
2.274612665563645919e+01
2.477888028250916719e+01
2.143939752416462241e+01
2.284430812491990892e+01
2.377538840997502589e+01
2.265195656996431239e+01
2.098680330654375936e+01
2.448173947213841473e+01
2.110986280966831075e+01
2.253003350315043463e+01
2.371584564434096976e+01
2.264811640098620771e+01
2.211259909550639691e+01
2.168247096342567204e+01
2.298591459787200009e+01
2.529099071076635141e+01
2.468514589593447539e+01
2.298231475921317468e+01
2.107470374007061409e+01
2.354034304303548097e+01
2.097851213487141564e+01
2.369632725633610093e+01
2.152129878550084285e+01
2.086767446576361706e+01
2.173166522179322868e+01
2.130968976420906458e+01
2.150773739873773849e+01
2.188730884838437873e+01
2.320830069209130286e+01
2.485779086468797416e+01
2.078201920727738639e+01
2.055029881557961957e+01
2.457088191313571102e+01
2.114956784327492301e+01
2.478575590055034183e+01
2.225005475571287761e+01
2.159867232330372744e+01
2.295527156516767064e+01
2.173735082629769622e+01
2.115791769505490549e+01
2.747498508100534309e+01
2.166628308608856557e+01
2.294871862753375780e+01
1.974530500456720006e+01
2.291376318018862790e+01
2.059143516496663651e+01
2.139259496652108794e+01
2.050503240308684738e+01
2.311451111269013836e+01
2.169829366772064461e+01
2.204419065873693739e+01
2.407540598121710929e+01
2.270690868224998837e+01
2.132518810460630831e+01
2.316120536655240869e+01
2.412926761668975217e+01
2.403057217077282459e+01
2.475156433232768194e+01
2.640696713605717960e+01
2.128952216510398188e+01
2.514068685392071245e+01
2.382985265601430669e+01
2.333622294244020168e+01
2.419807561172621035e+01
2.155670171580613115e+01
2.156062358874672924e+01
2.170520466610216559e+01
2.251466741973025520e+01
2.311835462630112659e+01
2.238466416539783310e+01
2.029685074172744663e+01
2.212393406290754072e+01
2.459338324310557056e+01
2.124730419064125186e+01
2.202861347017742943e+01
2.196939080701069358e+01
2.452363116195054715e+01
2.314843979871681512e+01
2.144071739455203840e+01
2.480889133861375484e+01
2.116338795949106455e+01
2.171060776082898158e+01
2.249706429364135829e+01
2.373981521230086500e+01
2.346482460136129689e+01
2.341112982004142395e+01
2.395499086780824172e+01
2.159398737396326240e+01
2.188764686410315718e+01
2.510773346507673409e+01
2.262130112388287273e+01
2.533013098045755029e+01
2.146014960993084131e+01
2.225446020911539335e+01
2.663478667665076927e+01
2.711874213136465883e+01
2.143831490841783349e+01
2.243688328364840601e+01
2.263209891697087173e+01
2.466616098300534787e+01
2.197302968055796057e+01
2.147014227479940018e+01
1.973969433176165467e+01
2.340167179414192944e+01
2.474620549279740089e+01
2.526093117714907166e+01
2.091280115209936952e+01
2.110470841013475862e+01
2.413242105249936387e+01
2.433367765684104000e+01
2.046816727673092018e+01
2.407381527210240435e+01
2.147170207738978931e+01
1.998017492677738005e+01
2.325668283749041265e+01
2.472442953271124111e+01
2.338330770121386948e+01
2.289794448269176641e+01
2.098521294986900898e+01
2.192482864751158189e+01
2.037186197866624582e+01
2.070703367907192316e+01
2.053268488858422458e+01
2.252421638082740074e+01
2.455080251200740449e+01
2.255179585720616942e+01
2.410009691362987283e+01
2.328590670903677662e+01
2.342048516876948483e+01
2.611184865758361795e+01
2.069133698683239331e+01
2.241520089645418778e+01
2.145074069274027195e+01
2.346950939887226895e+01
2.149753072111498042e+01
2.282741969294936268e+01
2.453702999596907475e+01
2.272530783334761040e+01
2.165577793819246821e+01
2.330250068986052980e+01
2.376260625944127014e+01
2.331663197615466743e+01
2.468005080220942560e+01
2.356346215579976189e+01
2.271614350564632900e+01
2.397321648901285585e+01
2.104621379460436259e+01
2.063208317910289935e+01
2.314320729581130465e+01
2.049871771426117206e+01
2.273872780570079044e+01
2.289341675672008947e+01
2.489850819137932447e+01
2.391324554172076944e+01
2.776569861051772747e+01
2.167334670996542911e+01
2.282257047886513845e+01
1.953629104553066753e+01
2.433914128740525840e+01
2.678739751655973933e+01
2.513644392592427579e+01
2.383975242648623549e+01
2.245337360934624726e+01
2.193241559772192417e+01
2.195748509470463006e+01
2.254832428597000415e+01
2.285166625479001112e+01
2.148748280723709314e+01
2.385607592010296685e+01
1.985490992294320378e+01
2.145662802891293452e+01
2.442346377599844942e+01
2.119070068133367357e+01
2.262908536481437594e+01
2.079150152029156828e+01
2.318876185664046119e+01
2.481154921972112604e+01
1.930426084442471435e+01
2.504146474943337353e+01
2.177811044186538680e+01
2.516137844700247683e+01
2.008275240299653319e+01
2.168736878075226926e+01
2.085258101042872525e+01
2.247801339973083401e+01
2.103252862469076589e+01
2.243759749681064264e+01
2.594093352995713531e+01
2.009170749490742480e+01
2.279665392263225598e+01
2.176443883017217473e+01
1.900450237087774141e+01
2.205360929424659489e+01
2.527823312570007985e+01
2.303982019217242794e+01
2.264712731358938669e+01
2.212645485530988410e+01
2.188970990793166393e+01
2.121979370762123196e+01
2.480480115818013687e+01
2.052010022888149976e+01
2.066477994985893574e+01
2.085183909309280281e+01
2.130823282127723672e+01
2.448270225497293140e+01
2.281800892242142353e+01
2.460191499904126644e+01
2.291585453664098893e+01
2.486137944844312742e+01
2.365660001695137638e+01
2.350509955760164971e+01
2.259293787245872309e+01
1.827806244843401018e+01
2.352951714990571830e+01
2.229411425023385718e+01
2.263331600049025738e+01
1.880619428384655478e+01
2.374851889407696959e+01
2.309216666715758137e+01
2.412653666420846577e+01
2.392948598712755270e+01
2.130931221238904172e+01
2.168061074053954940e+01
2.131645997503757783e+01
2.397804724453487424e+01
2.093195257208390458e+01
2.442324810476412367e+01
2.183163737011413374e+01
2.380997385807037148e+01
2.267387845719304451e+01
2.306537212956653349e+01
2.496434468473690416e+01
2.197374699227621875e+01
2.642834224104751328e+01
2.218823092749433812e+01
2.067502308850453829e+01
2.410279951570830193e+01
2.155602625095033176e+01
2.445391632153731365e+01
2.589779006172120646e+01
2.358667144165965368e+01
2.124103718872174085e+01
2.665270713589104901e+01
2.193774714449074281e+01
2.284941141494829253e+01
2.043928118473054312e+01
2.261908446550319596e+01
2.380814245322877554e+01
2.280798773569608784e+01
2.273328587554793856e+01
2.586896754634239670e+01
2.217369546421707227e+01
2.458957006280310509e+01
2.477552705699749325e+01
2.130193990393811632e+01
2.385044409863651893e+01
2.314330829839067150e+01
2.266408664872983181e+01
2.654058728478208451e+01
2.408720260438347438e+01
2.397892612658743872e+01
2.035197484777430432e+01
2.086968760207172124e+01
2.193597296845071654e+01
2.231690781020535042e+01
2.572199470052224157e+01
2.341827140359297843e+01
2.212651050551150433e+01
2.138186843009096449e+01
2.229219606476090476e+01
2.329014159254715466e+01
2.213454472855076816e+01
2.225185933429187912e+01
2.155032379705168566e+01
2.192538801210288568e+01
2.106552995857803623e+01
2.282005072273947377e+01
2.375724025129248318e+01
1.894499198077949487e+01
2.104145674454697712e+01
2.019926995880073406e+01
2.514042133946816904e+01
2.064148341540235521e+01
2.343260032854492891e+01
2.133354046932723591e+01
2.180431947548204974e+01
2.381648547134971139e+01
2.429993955118872151e+01
2.374343509867648194e+01
2.011167500820496912e+01
2.293417713125206703e+01
2.654972490282783326e+01
2.325759030616710987e+01
2.395031099347546899e+01
2.373091419933173540e+01
2.157867923935601695e+01
2.199377145954270318e+01
2.367194193564841953e+01
1.898307416522244040e+01
2.438956053034468141e+01
2.406378523373339817e+01
2.347892438822155370e+01
2.303921965092950330e+01
2.257719694804573152e+01
2.269037822547672434e+01
2.270176374368443106e+01
2.371916972314049943e+01
2.110001134510673992e+01
2.195012915544950260e+01
2.356528018211815123e+01
2.275657092066657938e+01
2.444157560731519752e+01
2.115429893809452366e+01
2.205365922078565788e+01
2.192538666599922337e+01
2.483399739450736377e+01
2.013732307681314992e+01
2.241258457952912764e+01
1.977450208973147028e+01
2.537982686193186410e+01
2.238718489821725655e+01
2.424171900620968501e+01
2.420339614902059466e+01
2.037867601129757489e+01
2.009041752542875159e+01
2.244755916802371232e+01
2.326133600559641934e+01
2.085919075083357299e+01
2.317114461170609374e+01
2.257826941887493533e+01
2.514424107860845936e+01
2.232999295758574831e+01
2.324996799041963413e+01
2.408880146791581822e+01
2.198327057808731055e+01
2.410014819695139465e+01
2.476144606835396900e+01
2.440221790186751605e+01
2.352277726222996179e+01
2.444291885222688876e+01
1.872498862934401131e+01
2.247850824204664022e+01
2.303579935008436763e+01
2.390851187064038541e+01
2.322625561730472654e+01
2.218298995588786937e+01
2.353570188400920671e+01
2.471884785669309181e+01
2.709145875617549848e+01
2.125640689749017653e+01
2.171127650282489796e+01
2.146565136571448207e+01
2.191086825859632015e+01
2.108912321386723576e+01
2.105096882971008654e+01
2.147262327492971679e+01
2.556814999715160397e+01
2.321481360210217204e+01
2.229736622887198649e+01
2.252086082031344105e+01
2.359032148242878080e+01
2.317146577395511642e+01
2.347450521112483202e+01
2.283104899580977332e+01
2.357671871146702003e+01
2.262094078597302627e+01
2.401726761514225927e+01
2.344673662404470704e+01
2.280917683352539527e+01
2.412996570600461510e+01
2.188527189256521766e+01
2.169158577614765804e+01
2.212480639764525492e+01
2.358876270386979002e+01
2.253940037834456334e+01
2.062973586521842151e+01
2.313100225557427336e+01
2.535359020866355095e+01
2.263329405559981922e+01
2.107889953190293753e+01
2.422348404709595115e+01
2.469412504294115607e+01
2.272441217490121801e+01
2.036500568065450878e+01
2.170540938756373706e+01
2.349571125578673403e+01
2.103946925453589500e+01
2.360927059243326198e+01
2.129264401071834101e+01
2.120308720861167373e+01
2.150594099648610324e+01
2.390205972290863912e+01
2.368082436774413324e+01
2.214867944144905820e+01
2.514995966386498338e+01
2.259691268465238778e+01
2.332442190142784355e+01
2.444188519814657923e+01
2.329833522930494283e+01
2.053940419748520441e+01
2.272145181142361281e+01
2.208934458430200465e+01
2.184581323397456387e+01
2.193609089448106886e+01
2.322899769568853046e+01
2.304310323001919159e+01
2.215035079728015788e+01
2.654528149466985454e+01
2.071849683902483719e+01
2.390557235427064953e+01
2.361764493886354543e+01
2.129518243930499466e+01
2.596510190312119803e+01
2.213615821174623122e+01
2.356331150963686127e+01
2.039240802812231124e+01
2.363105728704314856e+01
2.046972400240430190e+01
2.162772878152925671e+01
2.149919825113479632e+01
2.401772409687153598e+01
2.123718660474145281e+01
1.975857273317836871e+01
2.254681514355559102e+01
2.457913930561607785e+01
2.331970066024018351e+01
2.344510341576539503e+01
2.229346615099352746e+01
2.203677384358080360e+01
2.354490710096130002e+01
2.229512569111293629e+01
2.288181940901768385e+01
2.456606975742392862e+01
2.104947561338589423e+01
2.109677529466109647e+01
2.135417195048394134e+01
2.357067009318621942e+01
2.053570050337661357e+01
2.323808975081577799e+01
2.117565406818981799e+01
2.565904055241542636e+01
2.497102511206784925e+01
2.158608045588142943e+01
2.210479315458193028e+01
2.309780732878632747e+01
2.324709090309340098e+01
2.229328357742301492e+01
2.343395321958262301e+01
2.255403645493337095e+01
2.353464094472958124e+01
2.242587554168270003e+01
2.254088342376683585e+01
2.280077710851693240e+01
2.662930904026226742e+01
2.508454979053879086e+01
2.338524776589608223e+01
1.974819469475367484e+01
2.328741129299870138e+01
2.062149262139619665e+01
2.627616470247817304e+01
2.141717079560706694e+01
2.455437898326107060e+01
2.128576875954999537e+01
2.465353894855028472e+01
2.154341199037634880e+01
2.202306737219794641e+01
2.159048069891353450e+01
2.112165118658446517e+01
2.405629245944312089e+01
2.633246027956685609e+01
2.317471938505394391e+01
2.479803862751291632e+01
2.133256626090794583e+01
2.171242386768412302e+01
2.128790522786654904e+01
2.176978936144444177e+01
2.076557440305727908e+01
2.251008432427426342e+01
