2.457282884423184299e+01
2.635901545237905452e+01
2.405055688513052914e+01
2.486729683484265507e+01
2.092924008107740619e+01
2.301735679223975595e+01
2.292915548916951707e+01
2.540720029829266835e+01
2.281668713620321043e+01
2.039042750097719292e+01
2.229293520435457410e+01
2.367331327553460696e+01
2.480040179945774170e+01
2.360483697677730319e+01
2.324805276962117517e+01
2.110907376514704126e+01
2.315673666810550202e+01
2.644595248997062953e+01
2.373765893122230608e+01
2.227635564540331004e+01
2.073289263589123621e+01
2.326312836270163942e+01
2.523496033105132597e+01
2.166493509624847391e+01
2.095436418287974334e+01
2.085149415562874964e+01
2.325376998651092819e+01
2.495189990456438167e+01
2.539807914747259332e+01
2.353086261723576911e+01
2.406574395913871811e+01
2.290974078453060514e+01
2.209413079190581186e+01
2.277355894092438149e+01
2.387229824709778114e+01
2.093844979943882478e+01
2.392590984517769215e+01
2.306111165670770902e+01
2.408262073471943054e+01
2.333755611828376075e+01
2.071275439385676620e+01
2.381927281415697450e+01
2.426504976713903972e+01
2.420391868206840869e+01
2.443520772411526565e+01
2.309708912918068080e+01
2.431337672159668628e+01
2.206833216841624434e+01
2.485423336329092336e+01
2.002708964049912055e+01
2.264310835585473214e+01
2.347631606302676133e+01
2.342007707678271444e+01
2.098210348572812833e+01
2.089154617284419047e+01
2.185351593480451626e+01
2.253725577855583140e+01
2.537803216234316750e+01
2.365512327066596043e+01
2.183811051993896157e+01
2.486885413381881449e+01
2.269964808656865785e+01
2.264268692341062561e+01
2.020819176582281429e+01
2.452458045296071987e+01
2.008575368144871831e+01
2.456927294995339039e+01
2.200202949257813145e+01
2.133947280944018132e+01
2.131161203626082568e+01
2.143750975122167191e+01
2.371569033556619388e+01
2.100604429636134185e+01
2.194743698619864247e+01
2.364561760313102212e+01
2.074441839300502366e+01
2.191745472627779279e+01
2.507835828882599927e+01
2.288739687392997268e+01
2.284238816698030661e+01
2.417223348016140960e+01
2.343519026847710052e+01
2.033557862542383177e+01
2.445925244252149966e+01
2.415681283488045850e+01
2.185788774181855842e+01
2.167764780634830046e+01
2.231955759990895771e+01
1.929640931041661744e+01
2.132533384209777694e+01
2.319243877025390432e+01
2.130586194352692431e+01
2.247437444130067874e+01
2.341487908834826115e+01
1.942123679800281622e+01
2.343840792548543561e+01
2.228335966214227781e+01
2.333549236884659450e+01
2.154843113502735719e+01
2.214231307964509909e+01
2.108145662522298736e+01
2.475797171365704230e+01
1.928908281139244707e+01
2.499628497353435819e+01
2.060375117642162124e+01
1.749062476488144213e+01
1.919849335070206564e+01
2.399274686328172024e+01
2.067454977275643913e+01
2.551611830438553596e+01
2.365053986700495869e+01
2.334291424922508540e+01
2.151807680009522628e+01
2.074513485257427803e+01
2.205033733321094402e+01
2.357414168758200645e+01
2.307648134667651973e+01
2.313791090869546352e+01
2.225145042734390088e+01
2.497031769449267458e+01
2.394598231212495776e+01
1.995004244371848401e+01
2.153637945836469214e+01
2.175221222245540176e+01
2.203816999115184672e+01
2.772095286457309271e+01
2.121144687307903709e+01
2.247875039193819191e+01
2.522028885085250138e+01
2.109899364691632684e+01
2.228395401040130253e+01
2.093535534504369977e+01
2.061589369162813057e+01
2.304037243784212663e+01
2.384177922938541272e+01
2.320790973828825088e+01
2.284817701969455683e+01
2.068269311083186679e+01
2.169756297551087343e+01
2.323084684431636049e+01
2.283453411810218725e+01
2.169458267428018416e+01
2.172715196372290691e+01
2.042944740882239429e+01
2.169828478517966630e+01
2.168711579660336497e+01
2.276521455044128928e+01
2.187075680899367214e+01
2.344868581192310231e+01
2.244663136034396089e+01
2.561316093300022700e+01
2.299536555847849684e+01
2.169070928473580295e+01
2.230535535610146525e+01
2.238502513592056431e+01
2.487268407769568057e+01
2.198850687504643986e+01
2.359778846360014626e+01
2.493827099475909748e+01
2.288333518770390995e+01
2.713988157729350448e+01
2.479663781583464655e+01
2.160151091566630299e+01
2.149818635807217149e+01
2.023373678469160808e+01
2.440609558775105370e+01
2.049738461012148250e+01
2.162534148148337820e+01
2.247740498542640708e+01
2.232900156540414827e+01
2.181414209114302238e+01
2.015429128982687246e+01
2.485619886715846860e+01
2.149343585317346239e+01
2.271834495494542594e+01
2.411081896610512487e+01
2.201681897715529601e+01
2.607117808872145304e+01
2.294043626963028260e+01
2.290778379271859322e+01
2.193299213068965159e+01
2.254751686149923273e+01
2.239578828383959319e+01
2.176955577945335918e+01
1.935049499625800706e+01
2.079705031203619825e+01
2.220678005564897006e+01
2.260490060334532814e+01
2.467965008015580608e+01
2.388932823871435573e+01
2.203147801554393226e+01
2.453075876314342807e+01
2.236958203951806112e+01
2.520700895628517557e+01
2.322753834566521292e+01
2.179069676474617268e+01
2.284915606579239622e+01
2.524139427328125507e+01
2.248108066626842572e+01
2.404106803224769706e+01
2.459503187490740217e+01
2.551299078132826992e+01
2.144275533183584415e+01
2.190722990260278635e+01
2.528613773981741275e+01
2.362327843402918504e+01
2.422068278096801563e+01
2.504295111561740583e+01
2.273434595452346585e+01
2.076912369494913690e+01
2.046447376401050988e+01
2.506362523899121086e+01
2.281525141305988669e+01
2.257628189201032143e+01
2.098390554983754797e+01
2.299574664189184858e+01
2.380027983588797369e+01
2.511563445182876109e+01
2.353905229760492546e+01
2.451455220927398670e+01
2.192663262594016871e+01
2.258642504254100558e+01
2.257604436163350670e+01
2.149763285163432514e+01
2.164599884135942887e+01
2.190205132708463154e+01
2.217802384696535611e+01
2.063810973511717606e+01
2.132245174757384376e+01
2.282194839083012283e+01
2.150193192712238144e+01
2.271006155655616965e+01
2.436409923272842093e+01
2.334883836971501481e+01
2.129243731101835735e+01
2.232970842866706462e+01
2.133068005252694022e+01
2.208413396997078948e+01
2.465333785310335912e+01
2.194419353945617956e+01
2.461725427791694187e+01
2.280996800673923985e+01
2.114574294867969684e+01
2.198841245911171072e+01
2.605493924538940220e+01
2.305056570978798192e+01
2.105164071774648349e+01
2.160068335339916601e+01
2.190092044916456970e+01
2.037873677227731761e+01
2.283597091224968167e+01
2.427904991141836177e+01
2.173296950225138957e+01
2.039268598169417146e+01
2.251634377895036820e+01
2.523368777723668188e+01
2.284055242530024898e+01
2.332680571433791528e+01
2.116215946999153630e+01
2.288638354220872984e+01
2.027225558821092832e+01
2.266397141737701659e+01
2.375655064113416870e+01
2.323281863339629894e+01
2.255495822257875815e+01
2.086372537099680002e+01
2.165533748625210819e+01
2.140708001098161262e+01
2.346733319630689962e+01
2.160476804013337926e+01
2.215278279846469545e+01
2.228597845356565088e+01
2.461204299748126445e+01
1.921677805903468439e+01
2.328539226619137992e+01
2.226812734270475502e+01
2.172917081667169725e+01
2.217913691338000248e+01
2.155564549370272687e+01
2.221008567257739230e+01
2.538899349201343369e+01
2.364885332208396918e+01
2.261893979850849590e+01
2.429963697326040162e+01
2.207698447083231130e+01
2.366387259337037108e+01
2.363629421504877826e+01
2.319689479078209970e+01
2.306797747013565214e+01
2.670131385912917921e+01
2.274568178678493879e+01
2.317951821202892404e+01
2.644793155808665119e+01
2.162863118441024568e+01
2.508981613015862422e+01
2.225752254676037012e+01
2.147418728919472031e+01
2.404798225401230738e+01
2.452067191834300885e+01
2.346316394003264350e+01
2.309331525133540808e+01
2.135519808095362038e+01
2.142129393492178124e+01
1.972786055774033542e+01
2.445824867685189474e+01
2.148958740313519300e+01
2.239780433589349329e+01
2.754602132076841770e+01
2.125786947590442821e+01
1.886304958605959570e+01
1.935748854935401653e+01
2.190609294095050075e+01
2.468386931498923076e+01
2.183039221956076048e+01
2.302650900109866683e+01
2.324302084272488855e+01
2.662561231963177732e+01
2.476584540579307259e+01
2.203113640565852194e+01
1.724434200134949791e+01
2.662829736446074236e+01
2.624298329256360418e+01
2.430357137010008373e+01
2.383119665025544265e+01
2.121474504236425318e+01
2.150992480771758864e+01
2.135449297883668152e+01
2.406911336093438791e+01
2.185426618925767883e+01
2.095824639924962796e+01
2.310937358560929766e+01
1.931215058378262128e+01
2.409357899467991970e+01
2.041768042171745989e+01
2.495133778643194589e+01
2.525686347735716808e+01
2.605157340298050173e+01
2.385135833746397438e+01
2.475686826459596546e+01
2.273171568077774296e+01
2.395835472585083537e+01
2.439404852512548416e+01
2.057322679122031772e+01
2.402906782139605113e+01
2.386873414974770569e+01
2.071344824046265742e+01
2.370608977080143376e+01
2.108523276017966097e+01
2.256809829103439924e+01
2.283072095695083448e+01
2.346039949110850387e+01
2.377618104125524212e+01
2.520137274382380710e+01
2.342046511373502682e+01
2.098622165182914756e+01
2.221073698537061958e+01
2.426120730049460406e+01
2.394143839167214693e+01
1.997761369454715918e+01
2.393120897319386131e+01
2.509412643489743644e+01
2.249491778781497331e+01
1.824888093902286457e+01
2.428886276606151995e+01
2.413879551423003988e+01
2.329865529646675171e+01
2.491530447396125325e+01
2.280296094473574442e+01
2.004465484788038410e+01
2.230849950902887713e+01
2.070284338965925031e+01
2.639096305375925411e+01
2.242142389733627184e+01
2.101601128366295868e+01
2.196241224728416697e+01
2.175906538446402294e+01
1.978775400944592988e+01
2.086006471445742960e+01
2.225389601237614912e+01
2.396766555902475559e+01
1.966997322553793026e+01
2.455003425706021858e+01
2.539242917442467373e+01
2.304704151101269716e+01
2.309346177408944101e+01
1.980675855092118098e+01
2.478480024424136374e+01
2.455069131372572855e+01
2.300419363789238147e+01
2.207497513024804192e+01
2.545055477983312286e+01
2.073350433454550412e+01
2.339524049986077614e+01
2.481664601631426947e+01
2.419632091888643188e+01
2.289852605334705871e+01
2.183176690508450335e+01
2.296225471646842919e+01
2.004171916261852360e+01
2.336713823660965161e+01
2.581545837903986751e+01
2.204136508803323125e+01
2.198154975390325916e+01
2.124193460826994695e+01
2.193826939529488840e+01
2.241610217139150762e+01
2.227473347594114372e+01
2.361602352761358148e+01
2.127913327064382187e+01
2.001088251243084315e+01
2.225548204470241132e+01
2.244632960985358139e+01
2.314709933084240490e+01
2.245070108747543713e+01
2.206668200343293762e+01
2.106401293308627132e+01
2.111297543540361232e+01
2.261471785314317273e+01
2.323074990744392210e+01
2.397268428562381715e+01
2.518397584605274631e+01
2.147521101244183583e+01
2.023797925575969003e+01
2.164888760801754941e+01
2.357813341283713982e+01
2.019488370736535288e+01
2.038903314465925121e+01
2.242988364484838471e+01
2.161215981983287193e+01
2.583139188022992982e+01
2.128019427830849963e+01
2.253201590852100367e+01
2.561023554020986026e+01
2.457412344687164563e+01
2.170120434144229193e+01
2.262883548471118900e+01
2.122991720975916508e+01
2.385297561612890860e+01
2.043457945761131000e+01
2.074102221049011519e+01
2.293594144182430128e+01
2.164548201203092859e+01
2.139137929318396658e+01
2.072314173932033654e+01
2.269837140165550338e+01
2.368314157024487798e+01
2.624983254665075094e+01
2.104821148434148625e+01
2.152355881352784195e+01
2.104794964745450869e+01
2.563761366699143451e+01
2.534173247453896494e+01
2.398100722572479526e+01
2.202258272217396495e+01
2.186843604006051578e+01
2.316393582206703528e+01
2.232892583994353330e+01
2.271500453951079734e+01
2.182619053092543027e+01
2.030140752894356737e+01
2.257751769305769685e+01
2.113111923692127547e+01
2.402212320480073160e+01
2.478907492678618496e+01
2.422733662446648850e+01
2.240074756053112282e+01
2.174572914711818328e+01
2.499292707928073298e+01
2.261873083016643093e+01
2.529235961063029237e+01
2.169199072000649764e+01
2.421773828886963997e+01
2.243690619618538662e+01
2.577876136528935902e+01
2.703314782855925102e+01
2.223599945869380434e+01
2.454845566299857751e+01
2.533081403788580843e+01
2.236320179992901913e+01
2.181079708052240207e+01
2.264015570041590664e+01
2.344106067412665695e+01
2.115696574347645864e+01
2.334859063118167555e+01
2.332209911617199793e+01
2.237507232529568313e+01
1.869908235240677286e+01
2.452200853645238254e+01
2.511446843211495406e+01
2.075633512684339621e+01
2.268855126257992083e+01
2.396726413543518674e+01
2.235799359651738882e+01
2.458965619729306695e+01
2.256142532440170356e+01
1.890482330914011655e+01
2.469869391091222255e+01
2.346263341138153535e+01
2.291017809138371675e+01
2.020624130536230467e+01
2.232630138763945382e+01
2.254969021297455711e+01
2.091114550592583043e+01
2.337838809700711096e+01
2.392805704525045130e+01
2.364453552899750832e+01
2.252129944289568897e+01
2.255036891369442031e+01
2.406314623933013053e+01
2.189919476666175413e+01
2.147231671787740481e+01
2.287380822997302232e+01
2.238755969360294884e+01
2.056539706075167473e+01
2.147120716972736076e+01
2.171599456404256401e+01
2.136655978784354915e+01
2.318241009439437050e+01
2.043809874600711396e+01
2.346104235013481087e+01
2.615249037018179123e+01
2.148137907461060436e+01
2.271094889682181517e+01
2.471054768166397153e+01
2.134929199495084973e+01
2.280870597506281072e+01
2.372926780807417657e+01
2.263446394389875138e+01
2.089853244344834238e+01
2.450277406925975399e+01
2.113098627613069169e+01
2.248018729837266960e+01
2.361975355434146451e+01
2.264859656837436575e+01
2.210424431777106236e+01
2.170415862383039851e+01
2.296081592868329224e+01
2.514845549114540191e+01
2.458954430876080366e+01
2.291762037495027826e+01
2.103457437495901772e+01
2.355205289538894675e+01
2.098805590056193182e+01
2.373792695337465020e+01
2.148133251484823347e+01
2.088298314924645283e+01
2.168500251608832841e+01
2.137027956021768560e+01
2.151642421824327656e+01
2.177415261771557553e+01
2.315856533249974802e+01
2.478246796499318094e+01
2.074198847636510123e+01
2.057784616690804569e+01
2.458129731533619022e+01
2.115681277568323537e+01
2.472357849518575890e+01
2.212143419325795435e+01
2.149293472534181504e+01
2.289757487107718958e+01
2.167316462035509161e+01
2.118299097838690415e+01
2.726650272626019955e+01
2.151424392984559120e+01
2.287804824189377939e+01
1.974453460695481155e+01
2.287653872929804422e+01
2.060270255058989974e+01
2.133217776737469151e+01
2.051754575777789213e+01
2.308207697376571943e+01
2.168091838218628098e+01
2.194800447068288207e+01
2.397672223065068664e+01
2.267479553136032067e+01
2.126332378650823784e+01
2.313050873416037589e+01
2.405298481793591847e+01
2.396296974219549725e+01
2.468412558061322315e+01
2.631992355723702914e+01
2.128846985543473025e+01
2.502661023833518783e+01
2.384247531872230397e+01
2.322126844645372046e+01
2.411276605532249562e+01
2.146477471760946898e+01
2.152877741263653277e+01
2.166208721001463289e+01
2.249002883800711672e+01
2.302590984776156091e+01
2.240048175433415167e+01
2.035864835766708225e+01
2.201935097281840470e+01
2.449663180832061116e+01
2.121682800103561206e+01
2.194250545010369535e+01
2.189938701921222020e+01
2.438080241901833389e+01
2.312869565137119565e+01
2.136249622150580763e+01
2.470412635465973494e+01
2.113970476504821150e+01
2.168037497322551133e+01
2.239138515172104960e+01
2.366976953664302030e+01
2.341924986339495618e+01
2.334394483868570092e+01
2.399508612780837069e+01
2.157663322619299606e+01
2.189702082837431973e+01
2.505822913145921049e+01
2.256514491516274390e+01
2.524511773497630429e+01
2.149103859168784680e+01
2.216264948039097149e+01
2.649166188525647669e+01
2.690267574818621910e+01
2.132776280012687664e+01
2.234323120819808040e+01
2.270890379981068108e+01
2.454394572998657864e+01
2.186048479510449027e+01
2.151082698600078658e+01
1.977137382081451378e+01
2.336977364773828114e+01
2.452587343154587884e+01
2.520847342396756474e+01
2.092018625761261319e+01
2.102128345288230449e+01
2.412226225947477332e+01
2.425584218057774066e+01
2.033435640547714840e+01
2.392288987273545331e+01
2.144110554950699665e+01
2.008208239712213228e+01
2.326760631338716223e+01
2.469059773411294856e+01
2.321327755480129795e+01
2.283762993266530117e+01
2.101057241530443420e+01
2.186294981995764175e+01
2.032519206197859774e+01
2.063083886958051494e+01
2.034127375735730325e+01
2.250657590087051219e+01
2.444812532864749244e+01
2.259692562237209401e+01
2.406723976748584093e+01
2.318692414653672884e+01
2.340208674788259913e+01
2.595506967025274747e+01
2.061765422628699085e+01
2.238941644986282498e+01
2.139653330130882836e+01
2.342287136970122674e+01
2.150198221951751520e+01
2.277957582129680958e+01
2.450705053212238838e+01
2.263226514732061645e+01
2.172598507923997957e+01
2.319328994541675826e+01
2.373230009789157791e+01
2.316496204127761516e+01
2.449776911203048257e+01
2.357541191799870717e+01
2.265695948785636915e+01
2.386715655687854820e+01
2.105893354292449260e+01
2.059940442164247898e+01
2.313717402094003361e+01
2.048752399671351654e+01
2.266168456837732847e+01
2.276659472132843476e+01
2.475114580736416414e+01
2.386897769319451612e+01
2.757947595384212747e+01
2.169484625410326473e+01
2.279100547121574749e+01
1.954251069622099379e+01
2.419367186369098022e+01
2.668135946021794425e+01
2.503972248403070466e+01
2.381715475957690487e+01
2.241365707306444577e+01
2.182354644468311733e+01
2.197721872646025432e+01
2.247333050695812062e+01
2.279583300378936883e+01
2.144094981918766152e+01
2.378626116594633189e+01
1.983643157661936840e+01
2.138549783732284837e+01
2.438392268519025663e+01
2.121807114947590023e+01
2.258116343112158830e+01
2.071255084872736418e+01
2.314271161280697342e+01
2.476058343576203313e+01
1.936051644828555851e+01
2.500430496593759599e+01
2.173894304065780148e+01
2.503233263983959844e+01
2.012658601444809037e+01
2.170599459660618535e+01
2.082402703042825109e+01
2.237666845701006935e+01
2.104491661298672156e+01
2.237021635569489675e+01
2.578661028823600887e+01
2.012038681240903415e+01
2.272173920289510463e+01
2.180780419580241158e+01
1.900981661106914089e+01
2.188381732252047485e+01
2.518499931586399043e+01
2.289729394586568390e+01
2.265462582454440010e+01
2.207225087273059572e+01
2.187419330645006710e+01
2.124227892446909394e+01
2.469277189747024437e+01
2.055858657829588765e+01
2.059538298016058278e+01
2.081119495473431869e+01
2.126802507304020295e+01
2.437251613466405686e+01
2.273027861994971133e+01
2.453759261668459146e+01
2.288283190490603403e+01
2.468417114663468226e+01
2.359931476461480315e+01
2.342999205223580006e+01
2.252089994637839254e+01
1.831932894297222703e+01
2.343846193489417473e+01
2.228877012269332880e+01
2.257926087216922184e+01
1.876151564788933968e+01
2.363127359364933611e+01
2.302675911515672524e+01
2.399268940289436358e+01
2.387403766059042098e+01
2.118866496373581043e+01
2.172885427659373647e+01
2.129646134252071121e+01
2.394128757152995490e+01
2.088476828957189468e+01
2.431547466765514542e+01
2.171606494755297589e+01
2.372199203872493811e+01
2.263695379370036775e+01
2.303558004797400116e+01
2.483052795103014532e+01
2.199614246592160427e+01
2.639330509032183514e+01
2.217549334935742422e+01
2.072339878025295690e+01
2.398988731057139745e+01
2.151684691250333259e+01
2.430981602518126294e+01
2.590361906086227606e+01
2.349488577363534603e+01
2.115887874710793426e+01
2.648447494047397299e+01
2.186152095268758799e+01
2.277268312444105192e+01
2.039189451484238802e+01
2.263314541441886263e+01
2.370648997561704618e+01
2.276982662067381824e+01
2.265640523813137719e+01
2.566739928878925170e+01
2.199785712693491391e+01
2.453912558869618010e+01
2.470399022991715299e+01
2.125132409293039260e+01
2.380979138541016837e+01
2.308460652293779347e+01
2.251789982828392311e+01
2.645262521674078116e+01
2.392279998432946897e+01
2.390121771606796131e+01
2.030487645376547690e+01
2.086839882095607024e+01
2.185717948117773446e+01
2.229755968113232711e+01
2.553663628824757126e+01
2.324661084175015802e+01
2.213720645005961529e+01
2.137343788139313006e+01
2.222403836692547330e+01
2.323488403690973314e+01
2.207693619641981542e+01
2.218647206190924237e+01
2.154842327459412843e+01
2.184425773494725576e+01
2.102560450801598435e+01
2.268239343595233137e+01
2.364350592388767325e+01
1.896926776799371694e+01
2.098108254048664278e+01
2.011017060154258829e+01
2.506078585901683553e+01
2.060131473330607221e+01
2.343303429294447682e+01
2.124027197123108834e+01
2.186696991294434511e+01
2.368935361801788986e+01
2.431031673209925614e+01
2.364443039481277609e+01
2.009895870018895181e+01
2.284341088643757089e+01
2.639663847161090615e+01
2.315693224310528109e+01
2.389532271186838486e+01
2.362463725624811772e+01
2.150880098307543875e+01
2.200550979917172967e+01
2.351177050297901516e+01
1.897214319226087298e+01
2.430404000736038483e+01
2.387969385233359532e+01
2.335721624139229391e+01
2.294593690748516579e+01
2.255757761947868545e+01
2.256771853938000305e+01
2.258358716829445001e+01
2.356479301546201555e+01
2.107718133605104072e+01
2.194680052614798527e+01
2.353443321555882051e+01
2.273219200185729960e+01
2.423817976537744556e+01
2.103609181294145358e+01
2.190284529669567348e+01
2.192608824835759407e+01
2.479760897643655682e+01
2.006765849132468560e+01
2.240598335648929051e+01
1.978131255549818235e+01
2.537223761860862226e+01
2.242526157412782695e+01
2.412923852134651526e+01
2.408348294717434257e+01
2.036751990980943816e+01
1.994394345493853038e+01
2.241197388184412276e+01
2.314525133854523276e+01
2.086157600683746693e+01
2.310430011504231018e+01
2.250445888969894170e+01
2.504791240953353793e+01
2.221304903538814557e+01
2.313070569070293914e+01
2.395578792403349411e+01
2.192781867738976587e+01
2.408292940795270098e+01
2.465723557761817730e+01
2.434280709108949026e+01
2.340464992498741026e+01
2.435592273260693830e+01
1.879435855088503970e+01
2.239964227227332572e+01
2.293867639359829624e+01
2.383200387108244556e+01
2.321039313693870199e+01
2.208040961819511239e+01
2.345256915452941371e+01
2.453288636418636415e+01
2.690187201825847296e+01
2.119828373512176967e+01
2.165775059211585685e+01
2.140935423537699478e+01
2.181809352293878845e+01
2.101791105232817713e+01
2.096576484267773210e+01
2.150703833651644814e+01
2.551121659090280502e+01
2.324838760666550996e+01
2.225932611819579776e+01
2.242637707354562693e+01
2.352416589085678211e+01
2.316934427547025521e+01
2.345916763947082373e+01
2.281736632224054873e+01
2.355126742968088749e+01
2.248373739217021239e+01
2.393378732043091262e+01
2.337383639862644102e+01
2.270571848162498796e+01
2.396916231862092417e+01
2.173789075239138668e+01
2.166457483164288789e+01
2.205764460578085462e+01
2.362106827828463196e+01
2.241489175704978720e+01
2.062481983320120094e+01
2.302523348817183901e+01
2.536984030058142991e+01
2.265813456695038752e+01
2.101690547374550633e+01
2.422404393957596014e+01
2.457369175828918628e+01
2.263281662304359543e+01
2.034197798408332503e+01
2.162928647712670127e+01
2.339254741787477343e+01
2.100156767627916210e+01
2.348497751712301351e+01
2.122725969492320175e+01
2.121300156557316541e+01
2.141249101853690817e+01
2.383374664395861942e+01
2.354940323089396159e+01
2.214336093054319932e+01
2.505695171660631715e+01
2.263825477883724346e+01
2.322623194755196252e+01
2.436646951527454164e+01
2.324984350479956774e+01
2.049677602385050434e+01
2.266560447596762629e+01
2.203085234753720201e+01
2.176949022945437306e+01
2.196715256340978684e+01
2.318217619002927066e+01
2.300297615605562740e+01
2.209447184745920723e+01
2.645774163797431200e+01
2.071780608218985265e+01
2.377131233498449348e+01
2.353735423315043107e+01
2.128287354294536016e+01
2.586660157423570539e+01
2.206293199091972212e+01
2.345150937589995976e+01
2.045528734693057515e+01
2.349140079027689154e+01
2.030201650941084424e+01
2.158617825509893251e+01
2.148132768473807275e+01
2.390096818090929531e+01
2.120755887277307039e+01
1.969336205851191224e+01
2.253506723193356365e+01
2.448068436712805251e+01
2.317716279388666223e+01
2.334837760321920896e+01
2.221579438603404100e+01
2.200710387413833402e+01
2.347575697651250692e+01
2.230218739688103113e+01
2.285062867497946826e+01
2.442041416950212707e+01
2.093984070874416403e+01
2.098934545645693461e+01
2.134751031318171499e+01
2.348077419573656499e+01
2.052205299521082438e+01
2.324663796622309420e+01
2.109141335133254458e+01
2.548405789241649089e+01
2.482895379480647691e+01
2.147665865673985408e+01
2.212006497261497628e+01
2.312443603058807184e+01
2.324648459770137876e+01
2.227731263222845115e+01
2.340435980327780285e+01
2.254481442792884494e+01
2.341279822249294185e+01
2.237729547712501343e+01
2.253104435890429613e+01
2.271918483646392062e+01
2.658021782587480075e+01
2.494628558692534170e+01
2.333323680813132128e+01
1.969321990819293333e+01
2.328394117673109420e+01
2.061690085324983102e+01
2.614924222078504101e+01
2.136855699646977769e+01
2.453709589823182924e+01
2.128115867534871342e+01
2.458731342671978481e+01
2.146000557483219140e+01
2.200977474783837451e+01
2.158292190011999878e+01
2.119874163486740670e+01
2.390207829915554782e+01
2.629497225495446600e+01
2.317274902762051525e+01
2.469309456532533531e+01
2.126157661668425192e+01
2.162836431605341758e+01
2.125515693553258600e+01
2.174351760345359352e+01
2.076132705207482232e+01
2.245368102041756231e+01
