2.467034275771582585e+01
2.646563961049017877e+01
2.409308954670607150e+01
2.490118913918936272e+01
2.092865314803420063e+01
2.307237821394979704e+01
2.295643732268950288e+01
2.553406236973756194e+01
2.294918737622493410e+01
2.047754057833418173e+01
2.241068183908115330e+01
2.370858888887342530e+01
2.493439840862280832e+01
2.368121573008671277e+01
2.341463089104676953e+01
2.113135089132988753e+01
2.317258469506379015e+01
2.661765065323456980e+01
2.387642052368115841e+01
2.245920027319715118e+01
2.078761704549802758e+01
2.334217564078673135e+01
2.539081446649930029e+01
2.169924858106708143e+01
2.101810347276231994e+01
2.084867114640745811e+01
2.340291846605845194e+01
2.506360245367978479e+01
2.547748374492786994e+01
2.364920136939684880e+01
2.423792824977522997e+01
2.300312902602770038e+01
2.219336603994502610e+01
2.286792010581419987e+01
2.394870673783576009e+01
2.094400095158436059e+01
2.407375505322595544e+01
2.316211743188866024e+01
2.416032136237237182e+01
2.343195980294947489e+01
2.075293123929833428e+01
2.388543596626762522e+01
2.432569674240807700e+01
2.425205475348987605e+01
2.458010025712113489e+01
2.324940729983338272e+01
2.441761637344162850e+01
2.206296890392838250e+01
2.490506533116385057e+01
2.011233193227532823e+01
2.269457714137251614e+01
2.350947775626573844e+01
2.352064966069301022e+01
2.105267685462255400e+01
2.093820142124322103e+01
2.182984148799231860e+01
2.255563676224775804e+01
2.546775103946159646e+01
2.369168339955998093e+01
2.191180613397900601e+01
2.493582447755814258e+01
2.273282493929071535e+01
2.279325956416814947e+01
2.026310535401623270e+01
2.459166477222160552e+01
2.008639065968424831e+01
2.462484512676443416e+01
2.202277184111324715e+01
2.132523285324124274e+01
2.133889038775014413e+01
2.144910918270129940e+01
2.374938137359456647e+01
2.108184178086909810e+01
2.186904387598484334e+01
2.374322711730431834e+01
2.076946315951090583e+01
2.197024718845429447e+01
2.524243889604023394e+01
2.299280931204705780e+01
2.289334031927160851e+01
2.421035121162851667e+01
2.350689359932867362e+01
2.027936719204138427e+01
2.455930380727828677e+01
2.421660266500712666e+01
2.199975516782139451e+01
2.169443172712477974e+01
2.235112479683166953e+01
1.931788635875917848e+01
2.142022308111636875e+01
2.331023237214733612e+01
2.137044626455822183e+01
2.251895309879308726e+01
2.359255072969851241e+01
1.940284786978632781e+01
2.350662222066954854e+01
2.235665077802789824e+01
2.340589213072545505e+01
2.158499799968119603e+01
2.226302359741384862e+01
2.108419453863877635e+01
2.481758296470745506e+01
1.928214166168802635e+01
2.503630799905202053e+01
2.062899930846419494e+01
1.742792124806802434e+01
1.915473592019339577e+01
2.411156716211734263e+01
2.066069428095351057e+01
2.557140823803944230e+01
2.369303229314135351e+01
2.336222143789340322e+01
2.161614892292673673e+01
2.078083244166861476e+01
2.206197332012691348e+01
2.363507643685033344e+01
2.313677099877298815e+01
2.327359078686331983e+01
2.223392274807422453e+01
2.516793426771517872e+01
2.393300532669207570e+01
1.988493609517876592e+01
2.150269826305834542e+01
2.173921335495689888e+01
2.203686044091116614e+01
2.791800894533407629e+01
2.133415693495567922e+01
2.253911112974306263e+01
2.532951071149186362e+01
2.121758823164376651e+01
2.226359528796556830e+01
2.086842276151352493e+01
2.064472001006803836e+01
2.303360819571076235e+01
2.391856164636655180e+01
2.318770030918844682e+01
2.293058296158001852e+01
2.077033442617697290e+01
2.175852274767230909e+01
2.333673329061335977e+01
2.279013949795007932e+01
2.174929840064607589e+01
2.178843736722189917e+01
2.047452757648394339e+01
2.173253698580244730e+01
2.175121182819208698e+01
2.286848431248176183e+01
2.191564575638543033e+01
2.353871218617212691e+01
2.248413694261371987e+01
2.574435603807437190e+01
2.308708340838492745e+01
2.172738716429969230e+01
2.231867412808022166e+01
2.240740259140712709e+01
2.491415307740293272e+01
2.207392063355266032e+01
2.365841400967547514e+01
2.508363209099717750e+01
2.291465679621125773e+01
2.723242543942932414e+01
2.485901354939600338e+01
2.168560613946646498e+01
2.163027548629833063e+01
2.029796052880345414e+01
2.449558372596369082e+01
2.049219959276920378e+01
2.164997452525832955e+01
2.260272169173429901e+01
2.233711898272365204e+01
2.185095648534831625e+01
2.018905477245021984e+01
2.496172989756230365e+01
2.152213592140421028e+01
2.279253518013926438e+01
2.423523662247299271e+01
2.197125577168872468e+01
2.615184135757462514e+01
2.303383162504863435e+01
2.292650069012377045e+01
2.204883588977974185e+01
2.260238400785640422e+01
2.243764901235970299e+01
2.180557680664077225e+01
1.936280661094948741e+01
2.080093067564830278e+01
2.224692087709430766e+01
2.264162750264718582e+01
2.487603773941764729e+01
2.399384674745580881e+01
2.205349144090767055e+01
2.456593960920226039e+01
2.243830696685320092e+01
2.536456421079230239e+01
2.324043325290691797e+01
2.182841456716541018e+01
2.284529056616447207e+01
2.528210510676091616e+01
2.253663373489247590e+01
2.411324755004258336e+01
2.464775955876020319e+01
2.562676086740935943e+01
2.145890313979554165e+01
2.193378338827420038e+01
2.543693983224167354e+01
2.370735729198634090e+01
2.426298110533996422e+01
2.510294854727538194e+01
2.279017315459896409e+01
2.079482650449705972e+01
2.050239883844821520e+01
2.513653001659217523e+01
2.286506033803469862e+01
2.261217860848686101e+01
2.104132901383908205e+01
2.312932916968868469e+01
2.377560380385463290e+01
2.517781447426378350e+01
2.358497921897023986e+01
2.465326052941742674e+01
2.197324802349479711e+01
2.265496518412204097e+01
2.258673529574797456e+01
2.164645458450067395e+01
2.174162871796233176e+01
2.191049801732923541e+01
2.220991324996114358e+01
2.068499561311856638e+01
2.141278571329690905e+01
2.296565804265056698e+01
2.153029409684742035e+01
2.275623862503785944e+01
2.446570524451999873e+01
2.345700488681413631e+01
2.133691826610528253e+01
2.232571575150891618e+01
2.143809422082777161e+01
2.212553662685800759e+01
2.475208886646036888e+01
2.199895796343556498e+01
2.464680422761377798e+01
2.280725115332430875e+01
2.115585753319783180e+01
2.194136680089085800e+01
2.621383518228416776e+01
2.308227097511204207e+01
2.116119617850949552e+01
2.165368283415661566e+01
2.197525573471369142e+01
2.039029827020131691e+01
2.299070546186489850e+01
2.429927259386920468e+01
2.178824199474623313e+01
2.045907458137929069e+01
2.257193528926611492e+01
2.533425144115612326e+01
2.292108535536454994e+01
2.344563079784987281e+01
2.122654107978880944e+01
2.296830787333920298e+01
2.033941070704380749e+01
2.282132043244244812e+01
2.375667140721457571e+01
2.325793846941292387e+01
2.259841443008034645e+01
2.090432075875531126e+01
2.166404989089030053e+01
2.152123919490695769e+01
2.347374398944617369e+01
2.165857851565078818e+01
2.228460705354499893e+01
2.236504530331817264e+01
2.470795549724848783e+01
1.920587907719451692e+01
2.329436278445057340e+01
2.231028269260802688e+01
2.186742592510415406e+01
2.227476143137265652e+01
2.163064321642051624e+01
2.228497242446630011e+01
2.551239213285090202e+01
2.361452289883870392e+01
2.259981303913633965e+01
2.434522675682203996e+01
2.213056509650448689e+01
2.366631558712997929e+01
2.373537303257522524e+01
2.328247948316760585e+01
2.305196975774879675e+01
2.679562487057671305e+01
2.282720782701848705e+01
2.319390858516571896e+01
2.657789063906947646e+01
2.167882934688492824e+01
2.521717475009559806e+01
2.234947461327713469e+01
2.152922827862536437e+01
2.422947219114088568e+01
2.465145915292104917e+01
2.356361353141870651e+01
2.325427918532305327e+01
2.144138979284145918e+01
2.142858310860947313e+01
1.978408516928353578e+01
2.440760149424723480e+01
2.155544471783478500e+01
2.246186353088834053e+01
2.764779498842386474e+01
2.125228130827756345e+01
1.875685617238396574e+01
1.939188289384323483e+01
2.195044356086039983e+01
2.480811512709428968e+01
2.188443545008660251e+01
2.315748533678966226e+01
2.328953376916941664e+01
2.676239080109493429e+01
2.484694058473570522e+01
2.200810182135458959e+01
1.718329394677430955e+01
2.671561830038467988e+01
2.642069762891622631e+01
2.439670217456909640e+01
2.382389538545795205e+01
2.135411661291695751e+01
2.152274009983582914e+01
2.131318281749613419e+01
2.414387397167832816e+01
2.183239993347839913e+01
2.103037890935248555e+01
2.308695124590802550e+01
1.943096081149624155e+01
2.419831392459357033e+01
2.044076516772384267e+01
2.509240505096924778e+01
2.534151071264743038e+01
2.620296726763374551e+01
2.392149354098455305e+01
2.482978059211161082e+01
2.271272440517472546e+01
2.398857392546497280e+01
2.455740654842463755e+01
2.062300255386800529e+01
2.409529391993750025e+01
2.402807451044558107e+01
2.070665376542265790e+01
2.379271954159558078e+01
2.107819439827592234e+01
2.269311872448455958e+01
2.283974113082096480e+01
2.346095146526355180e+01
2.382961720907060865e+01
2.533431582638128532e+01
2.347920894645472245e+01
2.096203657812062460e+01
2.223316772623530824e+01
2.431967025736532761e+01
2.406491899201218487e+01
2.000494809256494122e+01
2.405696794730225108e+01
2.513062257914846143e+01
2.256425321622860736e+01
1.821303891201469582e+01
2.438050128429163621e+01
2.417242559571678839e+01
2.338550987032834527e+01
2.502272199007496667e+01
2.290526405905357876e+01
2.013081926931318932e+01
2.229660903177973807e+01
2.069377501582406254e+01
2.649897991435706857e+01
2.243221916941300265e+01
2.109237353272668614e+01
2.208013419055524196e+01
2.173492724790343189e+01
1.979839206507410765e+01
2.090838425736601991e+01
2.230290109988251146e+01
2.398156554763065174e+01
1.957103546057696164e+01
2.471606820528215565e+01
2.552222548841023197e+01
2.309487682888995153e+01
2.308870178572660592e+01
1.978117672415316974e+01
2.491747050136240560e+01
2.469236877578376266e+01
2.303395209002425048e+01
2.215579580889585287e+01
2.560170554216671945e+01
2.083843866708092918e+01
2.344585281197200999e+01
2.488884610978240630e+01
2.430030870334065796e+01
2.292913095447067207e+01
2.186594278288502835e+01
2.302409571508218988e+01
2.004878779869983774e+01
2.338896608035056701e+01
2.589846258175365534e+01
2.209086110683995940e+01
2.206877749375794906e+01
2.129802076798220867e+01
2.200677879706584861e+01
2.245580845560896321e+01
2.233950460835353624e+01
2.370578820436102774e+01
2.128091612399903809e+01
2.006012769709364463e+01
2.231025540999559809e+01
2.250480970837701378e+01
2.318003416417206353e+01
2.249510570498796369e+01
2.217428622432682062e+01
2.112650862410185226e+01
2.123059060222530903e+01
2.263430327112592977e+01
2.328974332657843860e+01
2.411871147938968107e+01
2.527836386961072890e+01
2.154248984658661570e+01
2.019770041008556305e+01
2.153031809609883851e+01
2.370306658798977750e+01
2.017608370334870216e+01
2.042034367916552284e+01
2.247911131578901589e+01
2.167665732359097319e+01
2.593424635819044610e+01
2.126711193912816000e+01
2.263588893651669665e+01
2.581993805580663093e+01
2.465201951079512810e+01
2.174152898871107809e+01
2.268975033771640781e+01
2.133612709334233060e+01
2.399526428450414528e+01
2.049385323627571509e+01
2.078999460482496175e+01
2.299762191464214922e+01
2.165876481757864269e+01
2.142948097886360870e+01
2.082813857904452703e+01
2.278444255658170903e+01
2.380691261919138668e+01
2.633202951764287292e+01
2.097171692925380171e+01
2.160485840989842998e+01
2.117133648844286853e+01
2.584002270967594228e+01
2.548259739061635543e+01
2.410979489173860912e+01
2.205159044203983854e+01
2.192950250969951753e+01
2.320041953063864426e+01
2.238054745873265361e+01
2.278553141732068354e+01
2.195340574571341463e+01
2.027608315619722035e+01
2.258950315659837926e+01
2.106668834194097428e+01
2.399514382730638218e+01
2.484229980701138629e+01
2.438624543690855972e+01
2.244417866369923686e+01
2.178249213112387395e+01
2.508508152316613504e+01
2.267005919149382365e+01
2.535567366182511506e+01
2.177926747868655255e+01
2.432323507627963366e+01
2.248775727953889003e+01
2.590469776924238232e+01
2.718993790233558983e+01
2.236304525575999236e+01
2.461602048184917635e+01
2.539442400700651348e+01
2.246334237223063823e+01
2.190798302377664442e+01
2.267623769685577173e+01
2.350729192646524268e+01
2.112199266989739499e+01
2.347752955514599904e+01
2.339746430185952875e+01
2.241016900829368552e+01
1.861148130376764342e+01
2.461651984307049901e+01
2.520946123336043954e+01
2.083484102881549660e+01
2.272608925229431520e+01
2.406574489503950787e+01
2.241346127464001370e+01
2.469076305082301914e+01
2.260362206424166942e+01
1.889890750870686276e+01
2.482858221720748304e+01
2.362074403806943579e+01
2.306656669725370534e+01
2.013684350415953972e+01
2.246750028331963733e+01
2.258505592520223004e+01
2.091489601113844898e+01
2.343092875167517875e+01
2.405844230851172583e+01
2.367539551412695431e+01
2.254362129456392694e+01
2.261474238669454095e+01
2.408021887543319650e+01
2.204251593431296286e+01
2.145056112494517819e+01
2.283578891258832755e+01
2.239878765454491472e+01
2.067293897137259506e+01
2.152939946612232447e+01
2.179509370175050265e+01
2.146355203772062481e+01
2.340535081928721439e+01
2.045377933065840281e+01
2.347479124298163455e+01
2.619015921164980654e+01
2.155450476031132112e+01
2.274612499406094912e+01
2.477887975075492477e+01
2.143939559700578812e+01
2.284430756862214906e+01
2.377538885829085658e+01
2.265195698469487695e+01
2.098680336438532379e+01
2.448173937099322117e+01
2.110986196342617305e+01
2.253003387928345447e+01
2.371584554578171122e+01
2.264811718500121884e+01
2.211259944932269050e+01
2.168246960425407721e+01
2.298591372493432416e+01
2.529099200483840448e+01
2.468514640360146117e+01
2.298231441451527601e+01
2.107470588715076687e+01
2.354034300530151924e+01
2.097851273697247620e+01
2.369632800049697607e+01
2.152129959444339136e+01
2.086767293553273817e+01
2.173166634989595636e+01
2.130969020257348490e+01
2.150773601091385601e+01
2.188730714506964148e+01
2.320830032423820199e+01
2.485779221727938904e+01
2.078201880907973731e+01
2.055030003121284921e+01
2.457088458121167562e+01
2.114956389998589970e+01
2.478575764088330757e+01
2.225005274488295726e+01
2.159867381958808608e+01
2.295527067969009138e+01
2.173735100850902313e+01
2.115791719029686391e+01
2.747498529762976816e+01
2.166628442265253440e+01
2.294871748117803278e+01
1.974530549444177296e+01
2.291376326360561677e+01
2.059143737734147805e+01
2.139259574972946254e+01
2.050503210433254253e+01
2.311451176772856897e+01
2.169829391913963690e+01
2.204418951496538526e+01
2.407540504721317021e+01
2.270690985171464504e+01
2.132518700472736128e+01
2.316120449537914538e+01
2.412926515092388158e+01
2.403057396922516986e+01
2.475156318551589507e+01
2.640696933424807114e+01
2.128952159507491970e+01
2.514068712022519136e+01
2.382985269411427254e+01
2.333622135494443484e+01
2.419807507669942126e+01
2.155670177548736532e+01
2.156062318485289353e+01
2.170520395696247462e+01
2.251466801005830476e+01
2.311835692396065056e+01
2.238466291698442845e+01
2.029684948026391211e+01
2.212393465845529050e+01
2.459338442628753896e+01
2.124730484535983166e+01
2.202861197496102363e+01
2.196938867894423097e+01
2.452363190153421257e+01
2.314843796634149342e+01
2.144071500923006468e+01
2.480889280459659219e+01
2.116338681758378115e+01
2.171060890755779127e+01
2.249706284283510627e+01
2.373981502877951399e+01
2.346482296144437285e+01
2.341112830238093068e+01
2.395499235657288040e+01
2.159398751587225007e+01
2.188764540727637353e+01
2.510772997244114535e+01
2.262130212171517840e+01
2.533013061571789493e+01
2.146014976346837599e+01
2.225445853882503755e+01
2.663478842277904590e+01
2.711874354814813870e+01
2.143831502840669856e+01
2.243688024694462513e+01
2.263210036565658356e+01
2.466616107688590631e+01
2.197303037587915497e+01
2.147014166059836171e+01
1.973969564074842609e+01
2.340167152597784295e+01
2.474620327293617450e+01
2.526093023929663417e+01
2.091280214616055844e+01
2.110470995995321886e+01
2.413241994674821811e+01
2.433367976958510681e+01
2.046816559046951767e+01
2.407381744204521112e+01
2.147170030833754240e+01
1.998017674435751090e+01
2.325668378010902870e+01
2.472442907904970966e+01
2.338330901253134897e+01
2.289794618100409096e+01
2.098521244697053589e+01
2.192482890896333458e+01
2.037186028929987458e+01
2.070703600241933984e+01
2.053268390291356127e+01
2.252421511659407471e+01
2.455080263202844293e+01
2.255179618992355728e+01
2.410009688430181640e+01
2.328590555927916839e+01
2.342048640887280087e+01
2.611185039785517858e+01
2.069133614448831793e+01
2.241520039264597486e+01
2.145073954137881245e+01
2.346950975722842969e+01
2.149753097723711193e+01
2.282741977386328358e+01
2.453702823221224349e+01
2.272530665442759457e+01
2.165578101157910140e+01
2.330249920780333284e+01
2.376260658431278827e+01
2.331663154726544462e+01
2.468005115406175065e+01
2.356346280059682030e+01
2.271614538464077881e+01
2.397321670836026186e+01
2.104621322722156407e+01
2.063208475507606821e+01
2.314320819516756345e+01
2.049871486584796898e+01
2.273872670281922836e+01
2.289341710209636815e+01
2.489850633723082041e+01
2.391324740891254663e+01
2.776569927247484060e+01
2.167334558494242458e+01
2.282256934439908136e+01
1.953629011943144178e+01
2.433914169400454597e+01
2.678739811343409016e+01
2.513644519443113623e+01
2.383975380743777350e+01
2.245337443271851186e+01
2.193241654022607889e+01
2.195748252002774947e+01
2.254832483151963984e+01
2.285166439461690757e+01
2.148748299905089354e+01
2.385607562900695200e+01
1.985491229244196987e+01
2.145662628432194907e+01
2.442346539968586683e+01
2.119070189329857001e+01
2.262908467857216976e+01
2.079150123006741069e+01
2.318876256461186358e+01
2.481155144498653797e+01
1.930426086008128905e+01
2.504146644958254342e+01
2.177810984360364088e+01
2.516137976847044300e+01
2.008275245930898123e+01
2.168736769458656610e+01
2.085258176558383880e+01
2.247801213442816959e+01
2.103252722011485076e+01
2.243759712137162055e+01
2.594093481724813444e+01
2.009170741297075935e+01
2.279665330084195674e+01
2.176444042391867129e+01
1.900450253694489078e+01
2.205360785807071977e+01
2.527823480283324642e+01
2.303981849935547643e+01
2.264712652657012981e+01
2.212645420934818219e+01
2.188971061059385903e+01
2.121979208951773543e+01
2.480480073577170330e+01
2.052009981051535448e+01
2.066477788155158279e+01
2.085183792575705297e+01
2.130823349866215466e+01
2.448269878660036625e+01
2.281800868572604202e+01
2.460191643351571145e+01
2.291585624667166954e+01
2.486137791366974525e+01
2.365659651336930480e+01
2.350509935948185714e+01
2.259293802296770792e+01
1.827806043582382500e+01
2.352951627898316289e+01
2.229411248397050826e+01
2.263331581496672840e+01
1.880619171964662684e+01
2.374851793745144946e+01
2.309216906012766657e+01
2.412653852388390163e+01
2.392948566050916170e+01
2.130931232340708803e+01
2.168061098571818945e+01
2.131646004929620730e+01
2.397804878119189453e+01
2.093195037745312703e+01
2.442324387311594691e+01
2.183163545066280165e+01
2.380997393577079180e+01
2.267387628300619795e+01
2.306537336606473687e+01
2.496434456739139662e+01
2.197374860960393050e+01
2.642834322386670820e+01
2.218822957311896360e+01
2.067502202845901849e+01
2.410279882575159505e+01
2.155602483326962115e+01
2.445391742784152811e+01
2.589779238749293455e+01
2.358667346207830917e+01
2.124103459052292919e+01
2.665270783877540595e+01
2.193774564746807698e+01
2.284941332376001100e+01
2.043928166689392611e+01
2.261908525134672487e+01
2.380814349124127460e+01
2.280798904634639968e+01
2.273328442662230486e+01
2.586896503532579672e+01
2.217369523574785362e+01
2.458957008369614172e+01
2.477552688283099513e+01
2.130194064287246647e+01
2.385044254301994826e+01
2.314331065521777120e+01
2.266408483292014964e+01
2.654058738079556079e+01
2.408720432170700221e+01
2.397892728761870984e+01
2.035197523450075252e+01
2.086968760775918597e+01
2.193597124694745659e+01
2.231690904416605292e+01
2.572199627002567723e+01
2.341827165486553142e+01
2.212650793250639936e+01
2.138186664293588635e+01
2.229219721802872911e+01
2.329014327517025507e+01
2.213454437272786279e+01
2.225185972708004201e+01
2.155032171012847186e+01
2.192538778905511876e+01
2.106552902748897793e+01
2.282005050622983688e+01
2.375724018477292532e+01
1.894499092606175239e+01
2.104145457267388153e+01
2.019927014730832937e+01
2.514042235719896823e+01
2.064148216713750728e+01
2.343260190684138067e+01
2.133354153662702046e+01
2.180432090568781689e+01
2.381648740364630967e+01
2.429994118758847677e+01
2.374343708897786698e+01
2.011167276131497417e+01
2.293417771080990875e+01
2.654972541833184607e+01
2.325759086751156701e+01
2.395031282034851827e+01
2.373091402341560041e+01
2.157867963952858403e+01
2.199377271211606555e+01
2.367193813054250384e+01
1.898307230528090983e+01
2.438956006641751273e+01
2.406378320857527697e+01
2.347892454395327633e+01
2.303921728348446862e+01
2.257719533441154880e+01
2.269037926103257519e+01
2.270176546479267543e+01
2.371916703250553127e+01
2.110001037625711717e+01
2.195012830092962020e+01
2.356528028230872707e+01
2.275657198669733461e+01
2.444157826331862893e+01
2.115429859138838609e+01
2.205365942552489500e+01
2.192538641265234034e+01
2.483399945162202371e+01
2.013732288674694715e+01
2.241258473436480259e+01
1.977449972090187913e+01
2.537982891016473275e+01
2.238718203567421128e+01
2.424171977255688404e+01
2.420339940794623956e+01
2.037867334811029352e+01
2.009041719584571339e+01
2.244755776555983573e+01
2.326133352981955937e+01
2.085918934467460417e+01
2.317114417537869286e+01
2.257827021976312309e+01
2.514424150568544292e+01
2.232999357176264965e+01
2.324996742316912446e+01
2.408879896912813123e+01
2.198327146750595062e+01
2.410014711455398739e+01
2.476144536754497238e+01
2.440221782331484945e+01
2.352277712215492755e+01
2.444291858747340385e+01
1.872498703172735190e+01
2.247850866408482062e+01
2.303580038396072283e+01
2.390850965457341459e+01
2.322625540491037199e+01
2.218298979814872496e+01
2.353570136182256434e+01
2.471884480133867257e+01
2.709145896503559214e+01
2.125640530330129252e+01
2.171127741423104851e+01
2.146565055718481929e+01
2.191086813221100371e+01
2.108912144660749277e+01
2.105096876710582521e+01
2.147262553062913781e+01
2.556814866305481004e+01
2.321481634475066613e+01
2.229736493636866257e+01
2.252086032694287354e+01
2.359032279231377061e+01
2.317146787984225043e+01
2.347450326418951505e+01
2.283104947584468647e+01
2.357671771801621219e+01
2.262094134005374357e+01
2.401726558085170637e+01
2.344673634385820904e+01
2.280917411149616569e+01
2.412996471226884054e+01
2.188527216981357881e+01
2.169158645862343704e+01
2.212480565526204401e+01
2.358876139839468777e+01
2.253939917642507496e+01
2.062973444264119038e+01
2.313100113079841691e+01
2.535359138364110976e+01
2.263329390187708157e+01
2.107889883175675649e+01
2.422348488434232294e+01
2.469412526264755314e+01
2.272441272916684696e+01
2.036500501692065157e+01
2.170540975356730939e+01
2.349571129917827150e+01
2.103947082682503478e+01
2.360926924812642369e+01
2.129264579871721708e+01
2.120308575756768121e+01
2.150593954678570441e+01
2.390205980161464083e+01
2.368082404357203430e+01
2.214867806989117227e+01
2.514996158881332633e+01
2.259691126800363747e+01
2.332442176578203785e+01
2.444188646512316154e+01
2.329833343379105770e+01
2.053940604406768600e+01
2.272145025239845495e+01
2.208934393423286480e+01
2.184581245817649986e+01
2.193609151105001231e+01
2.322899990534452641e+01
2.304310238352760010e+01
2.215035026572568455e+01
2.654528009676850786e+01
2.071849667630118930e+01
2.390557124385199117e+01
2.361764443587552620e+01
2.129518398537139134e+01
2.596510215878916128e+01
2.213615758437679659e+01
2.356331037363948155e+01
2.039240940598387297e+01
2.363105669481377191e+01
2.046971939967054510e+01
2.162772865508236464e+01
2.149919845112648531e+01
2.401772420699328237e+01
2.123718435981581365e+01
1.975857271899491607e+01
2.254681530168049619e+01
2.457913761351031567e+01
2.331970089154448544e+01
2.344510377176665727e+01
2.229346481309595873e+01
2.203677500308529602e+01
2.354490721278142829e+01
2.229512497309197627e+01
2.288181952535334318e+01
2.456607045881867535e+01
2.104947558714651734e+01
2.109677500159936514e+01
2.135417229858371613e+01
2.357067080885327925e+01
2.053569959728902816e+01
2.323809057719399007e+01
2.117565445459467099e+01
2.565904312078909300e+01
2.497102812931594684e+01
2.158607940202920261e+01
2.210479293674058354e+01
2.309780595617935006e+01
2.324709089473851975e+01
2.229328313947660334e+01
2.343395473692770636e+01
2.255403661112881153e+01
2.353464142912132928e+01
2.242587360681241648e+01
2.254088206037007325e+01
2.280077906640595842e+01
2.662930773838590426e+01
2.508455039472812231e+01
2.338524596317494897e+01
1.974819498980910737e+01
2.328741094291827807e+01
2.062149116882933342e+01
2.627616435897287417e+01
2.141716938222611688e+01
2.455438059502733594e+01
2.128576913397548509e+01
2.465353796404578191e+01
2.154341138742325157e+01
2.202306820097026119e+01
2.159048117348871543e+01
2.112165152348041985e+01
2.405629261572748590e+01
2.633246274262636177e+01
2.317471974944351842e+01
2.479804200947103254e+01
2.133256456501284148e+01
2.171242519066537824e+01
2.128790693530303457e+01
2.176978842512584578e+01
2.076557304817214700e+01
2.251008536397424820e+01
