2.466359539214358776e+01
2.647021689233001140e+01
2.408745424084725073e+01
2.489903575099269517e+01
2.093121532864528334e+01
2.308898973128101062e+01
2.294419564176529036e+01
2.554007445035433221e+01
2.295098232524158988e+01
2.046219167571256037e+01
2.238160757306821225e+01
2.373349981175732282e+01
2.494919790662234860e+01
2.366931031765278348e+01
2.341568106393853554e+01
2.114906333301740204e+01
2.316763991055978877e+01
2.662036415422128144e+01
2.389859909686140682e+01
2.246314232763776886e+01
2.080071478212917668e+01
2.333808421354336460e+01
2.538117947181006073e+01
2.170099309591650538e+01
2.100931421141951105e+01
2.083896368283054201e+01
2.338853447843534283e+01
2.507235724600785431e+01
2.549692216709425807e+01
2.363015577645762733e+01
2.424330174018004413e+01
2.299337013006586972e+01
2.220153217120002864e+01
2.286973663250423527e+01
2.395381959018864748e+01
2.094292385165143955e+01
2.407340137801397617e+01
2.316885393726915510e+01
2.415545090698643094e+01
2.343253526680129895e+01
2.074542437830644914e+01
2.390873755062242267e+01
2.432686354629031555e+01
2.425357579595907254e+01
2.456772132514772977e+01
2.324079543025102979e+01
2.440573694677206973e+01
2.203992268138828337e+01
2.493841394392641675e+01
2.009452537313521958e+01
2.270715785050028757e+01
2.348939209710486509e+01
2.353174433878979954e+01
2.103427789128958381e+01
2.092138960656104274e+01
2.182355325317837469e+01
2.254313368730095846e+01
2.547201486606701337e+01
2.368518910226222829e+01
2.190130735941343332e+01
2.494386004905664933e+01
2.272934535749454099e+01
2.278330104350533603e+01
2.027511518651826350e+01
2.459603525685985304e+01
2.010343886188749707e+01
2.461000154838320242e+01
2.201149539205153260e+01
2.133677885298153853e+01
2.131598548062418530e+01
2.146226950269041112e+01
2.375524204515005167e+01
2.105341061243003864e+01
2.185880859575681257e+01
2.375285238970625912e+01
2.073793158644059176e+01
2.195514155306543458e+01
2.524503721574395243e+01
2.297289011014828475e+01
2.289973255608087399e+01
2.421441821307161746e+01
2.351112179619668296e+01
2.027920274044315363e+01
2.458752501064290641e+01
2.421353392118177439e+01
2.201119696220162680e+01
2.170636199932080856e+01
2.235675757370786698e+01
1.933315921077283761e+01
2.140516342433697972e+01
2.331478532005507276e+01
2.137748567452557680e+01
2.254186385900031553e+01
2.360050115314232144e+01
1.941143622532682400e+01
2.351385517180548135e+01
2.235977715420709089e+01
2.341735584225907019e+01
2.155718375959144595e+01
2.227308886676010502e+01
2.109896795378957179e+01
2.483305636205455968e+01
1.927373353798275346e+01
2.505170923535440508e+01
2.061023843268198164e+01
1.741084447665473789e+01
1.912404104345426248e+01
2.412071250050033200e+01
2.066847765942885928e+01
2.555920491747519563e+01
2.370065445378533298e+01
2.335099742961515190e+01
2.158358244161617634e+01
2.079993507594335256e+01
2.205919098592157823e+01
2.364487654914662684e+01
2.315259849032421258e+01
2.329060651018135886e+01
2.224611017032555793e+01
2.516801562300015149e+01
2.393193699885676295e+01
1.986640569346161911e+01
2.150458329241834932e+01
2.172683820383026543e+01
2.203293812451472888e+01
2.791380227119296364e+01
2.133622835006487861e+01
2.255434308835356205e+01
2.532674949726301605e+01
2.120562572576565685e+01
2.226211971307043314e+01
2.086175946205945309e+01
2.062197708752566783e+01
2.304219962211043438e+01
2.394728215898459212e+01
2.319304141865284308e+01
2.293031259943429845e+01
2.074935327098225812e+01
2.176087147913920816e+01
2.332714903832519937e+01
2.278599940491166365e+01
2.175197310665199879e+01
2.181070553685021451e+01
2.046144130846285591e+01
2.174025167526621871e+01
2.176185834229601923e+01
2.289363930770504751e+01
2.190785251153166158e+01
2.351805301115801328e+01
2.249546629497172390e+01
2.575977374449768220e+01
2.309322564581664139e+01
2.172886885324733086e+01
2.231600103372509736e+01
2.243075102612425908e+01
2.489733335700825378e+01
2.208269545555728541e+01
2.365768362679360948e+01
2.507845413161923886e+01
2.289079538491686350e+01
2.724781584516419031e+01
2.485334099541427477e+01
2.165771977410895133e+01
2.159533999764397905e+01
2.028859569133848595e+01
2.450620398797211763e+01
2.049040714557837362e+01
2.163222671915608686e+01
2.260061682511103598e+01
2.234400256330122403e+01
2.183241972862720459e+01
2.020264663249630743e+01
2.497598120669762878e+01
2.152406685306181799e+01
2.281080299362544750e+01
2.424142063465123442e+01
2.199190356838325755e+01
2.617234634975331531e+01
2.303525669009580312e+01
2.292129794447993874e+01
2.204065490569531960e+01
2.258390739290648597e+01
2.245079941974510263e+01
2.180167922273398773e+01
1.933803801024631142e+01
2.081008251002720399e+01
2.225390925653557161e+01
2.263505359517103344e+01
2.490348642463797901e+01
2.398825504777970252e+01
2.202766090260218235e+01
2.457971293991707284e+01
2.244416863170150833e+01
2.538957628404481426e+01
2.326762219680535893e+01
2.183208325300352470e+01
2.285281529434748293e+01
2.529417354819889141e+01
2.254572389669533194e+01
2.412950416681060162e+01
2.465800156279050981e+01
2.565227126071539132e+01
2.142650043197968657e+01
2.194600495598146495e+01
2.541634549761813489e+01
2.372500816624609143e+01
2.426900545920242536e+01
2.511456607135426822e+01
2.278472399267587889e+01
2.078834215380001282e+01
2.050423258704071472e+01
2.514865687069662670e+01
2.283692913223928755e+01
2.261242662023044758e+01
2.103088980350638693e+01
2.311933435368277046e+01
2.379815285675913117e+01
2.519190878773012088e+01
2.358282312324561403e+01
2.465124624230610806e+01
2.196286263053534427e+01
2.266255976915315529e+01
2.257126293201752176e+01
2.161431457734869710e+01
2.174764444662055496e+01
2.193908859586110438e+01
2.219517951705608994e+01
2.067919009045538559e+01
2.143055147052255904e+01
2.295399049433544292e+01
2.154018862557578728e+01
2.272994028132453082e+01
2.449490622532011841e+01
2.345326549757587742e+01
2.133142409206316970e+01
2.230394290792952816e+01
2.141771808448678271e+01
2.211688764214639846e+01
2.472946116946747352e+01
2.201345897648973349e+01
2.465756613811860731e+01
2.279587353440354391e+01
2.115597477398937087e+01
2.194405690216414229e+01
2.620381739771793406e+01
2.305686446070613371e+01
2.117215436749825841e+01
2.165190889215352144e+01
2.196617539747195380e+01
2.039999034982290738e+01
2.296510404865202304e+01
2.429700553687745312e+01
2.177610194212833505e+01
2.047080971817608486e+01
2.257891271632767172e+01
2.532536449539890100e+01
2.291810274975074435e+01
2.342534695453478477e+01
2.120396339713126110e+01
2.295562397863998783e+01
2.033531179878233175e+01
2.280258498837104852e+01
2.377808284706238240e+01
2.326137648894466636e+01
2.260418394230667616e+01
2.087535520192524530e+01
2.166755141051738676e+01
2.152637315084858827e+01
2.349016239389849758e+01
2.168943041174316022e+01
2.228058865285604995e+01
2.235394151754852032e+01
2.471657173281295172e+01
1.922310610085654758e+01
2.329866458350842606e+01
2.232191156655412101e+01
2.186075640338381731e+01
2.226704299082178551e+01
2.162832652501794328e+01
2.228474458751751186e+01
2.551760633022076874e+01
2.363834312827909656e+01
2.259457343999362067e+01
2.436783783705310213e+01
2.215153482921770944e+01
2.367259009968688943e+01
2.371850097896722787e+01
2.327099683151961429e+01
2.304906913762278364e+01
2.680225100151612949e+01
2.282765607654422979e+01
2.320623579738345654e+01
2.661639802962155343e+01
2.168078585782828682e+01
2.521201035414694402e+01
2.234741966053579176e+01
2.151616153252772889e+01
2.424548557732892462e+01
2.464756077185969829e+01
2.355734324007931946e+01
2.323359744998237986e+01
2.142703075129150037e+01
2.142780479662563309e+01
1.976943590243443083e+01
2.442104450242815261e+01
2.154093780109692347e+01
2.246917432374399226e+01
2.764909454237576014e+01
2.125859248937520007e+01
1.875405585190272362e+01
1.937034883142036890e+01
2.195476859902511180e+01
2.480398787352889656e+01
2.188643397750499986e+01
2.313256192222419827e+01
2.330644262365299468e+01
2.677879091435714898e+01
2.485555483938149735e+01
2.202537448183040425e+01
1.719520517776514268e+01
2.673631016987483022e+01
2.642446951588077653e+01
2.440774465572497576e+01
2.382328001757445435e+01
2.135946967233827465e+01
2.151918807406636347e+01
2.128053331894424360e+01
2.413990214938446499e+01
2.181871567176809279e+01
2.101813866695751543e+01
2.310062116937767129e+01
1.942296841785885775e+01
2.418677430314061993e+01
2.040881118704802688e+01
2.510169642896039477e+01
2.535788157350808092e+01
2.619994422660288080e+01
2.391444125325899250e+01
2.484233106443623385e+01
2.270543738376455423e+01
2.400112034024497021e+01
2.456589421548923724e+01
2.062695227274788223e+01
2.408830734315376887e+01
2.400943117062702470e+01
2.069894995962079776e+01
2.379838689009755015e+01
2.106666948951826157e+01
2.270081205510625821e+01
2.280957671366889983e+01
2.346362956595199734e+01
2.382001211242697991e+01
2.533820697640028996e+01
2.349424455712752291e+01
2.094702115252621510e+01
2.223844404209608427e+01
2.430508507686793962e+01
2.404460195971043390e+01
1.997871394390084632e+01
2.405018526221969211e+01
2.515218119643375516e+01
2.255219142822943823e+01
1.819963711855829303e+01
2.439234571094097959e+01
2.416793973237193427e+01
2.337718457330589317e+01
2.501815736610572571e+01
2.291640739642704361e+01
2.013978758006696168e+01
2.231717166906837946e+01
2.070182192012542544e+01
2.651726227077837450e+01
2.243103423955942688e+01
2.111151675415194617e+01
2.207043997529883228e+01
2.172683094918573232e+01
1.978436966121170215e+01
2.090932145374130258e+01
2.231112618190525154e+01
2.400007802382589617e+01
1.958399136746115587e+01
2.471499360665580269e+01
2.551332859062071989e+01
2.306063276575326526e+01
2.308051425829525627e+01
1.978466565784808395e+01
2.488951985185853388e+01
2.469857523133442001e+01
2.302545859395598171e+01
2.217857672940111868e+01
2.557060607570874211e+01
2.084461952162955001e+01
2.345344175402055953e+01
2.492558771488963387e+01
2.432009913639713972e+01
2.292154339240998340e+01
2.188111243483611190e+01
2.300391077944763651e+01
2.003070611042030791e+01
2.340027877587219862e+01
2.588802436890112446e+01
2.207654012997895521e+01
2.208284820439277851e+01
2.129090510998575070e+01
2.197476987919785785e+01
2.243607975676735933e+01
2.233347064460970444e+01
2.370194808930551034e+01
2.125519908436969274e+01
2.006300212952299233e+01
2.230251659462586389e+01
2.249443962913357353e+01
2.316712039847276472e+01
2.248748855300517135e+01
2.216967874304463137e+01
2.109799747501049438e+01
2.123363647680127997e+01
2.265007847202500457e+01
2.329308249287394972e+01
2.411304360863262630e+01
2.529860040460940596e+01
2.154067748595014820e+01
2.021461049517803943e+01
2.152382300931504489e+01
2.370980764720136946e+01
2.019167617972925299e+01
2.042529637638784834e+01
2.250240925366491496e+01
2.169454029491145519e+01
2.593670783239090127e+01
2.128299385187361992e+01
2.264654237070775622e+01
2.579912312411594044e+01
2.463611994298860708e+01
2.172266560419603820e+01
2.270380111031541404e+01
2.132840428086297635e+01
2.400231406128756362e+01
2.047864970822551101e+01
2.077756682642919728e+01
2.299458000150328729e+01
2.167103836899716995e+01
2.141371524675600213e+01
2.082856744149603401e+01
2.280758814505925969e+01
2.379917829226851822e+01
2.634399740422553649e+01
2.096386775056120655e+01
2.157408854783550112e+01
2.117486239434816042e+01
2.584871744316809838e+01
2.549954487845446849e+01
2.412000456011199745e+01
2.204504117908522431e+01
2.191137736873591280e+01
2.319368503691810446e+01
2.236651447928693770e+01
2.277292463041138504e+01
2.194906191433524967e+01
2.028023836266083890e+01
2.259198304410853098e+01
2.106795072565908100e+01
2.397420308181185078e+01
2.484501888149912929e+01
2.437636279350445889e+01
2.246615582285806667e+01
2.179681709983982429e+01
2.509302639751434327e+01
2.266694942174533978e+01
2.535193816753558238e+01
2.180204591025049510e+01
2.434397790357181890e+01
2.250676012211339838e+01
2.591218344335916157e+01
2.720487641906909104e+01
2.236416563483386710e+01
2.459919584676174509e+01
2.541330678043954805e+01
2.245950433382776268e+01
2.190857552318119872e+01
2.268951268409575661e+01
2.352276430141263930e+01
2.113653173949611386e+01
2.346760880452005793e+01
2.339999580570608728e+01
2.239666973281722662e+01
1.859757135440911568e+01
2.461160312232551561e+01
2.519489925998030699e+01
2.081600403980763758e+01
2.271112506630247552e+01
2.405766235153640764e+01
2.243763752184379712e+01
2.468791273230515770e+01
2.260563449609034947e+01
1.891571542234845182e+01
2.481327295084026829e+01
2.360079587692131753e+01
2.307895039061030573e+01
2.013253256157931048e+01
2.248324658716773072e+01
2.258991741541203524e+01
2.088213066523908523e+01
2.343384922746043841e+01
2.404379469631322053e+01
2.366498005003277427e+01
2.253409859984672892e+01
2.260979497529393001e+01
2.408626699539883731e+01
2.203101180109511148e+01
2.145129124075974048e+01
2.285804745014721462e+01
2.241702574224544975e+01
2.063650067329895421e+01
2.151231609587116722e+01
2.180007517402716744e+01
2.144046295826172965e+01
2.338515951755945821e+01
2.044978664317213557e+01
2.350703277216743814e+01
2.620710859352002942e+01
2.154156840861637079e+01
2.273754150774362159e+01
2.476929658171316362e+01
2.141915401469550417e+01
2.283236820618243001e+01
2.377855079138586447e+01
2.265496877651707663e+01
2.098554652318545521e+01
2.450145721798692122e+01
2.111810190183678415e+01
2.251797643527669024e+01
2.371885697793430481e+01
2.267408233344628599e+01
2.211670690300933018e+01
2.165153233956212731e+01
2.298107662616256519e+01
2.529309121407789362e+01
2.467851512682025117e+01
2.297199495516618839e+01
2.109222173484529961e+01
2.355511512348817860e+01
2.099216525207942396e+01
2.368516327783984110e+01
2.151620218862025524e+01
2.086579571874396422e+01
2.173733981920049629e+01
2.131536388320588671e+01
2.149983180661827475e+01
2.186140993303501645e+01
2.321677198789142693e+01
2.487205296514387953e+01
2.078217010379338348e+01
2.054679413439394509e+01
2.459996714595790834e+01
2.111807703031788108e+01
2.480133600013515860e+01
2.223210098587709282e+01
2.161798354726623472e+01
2.295045643347276254e+01
2.173254168020108779e+01
2.116466425304084709e+01
2.748297502825263194e+01
2.166569530118821163e+01
2.294449875439645581e+01
1.973369685606403223e+01
2.290287668039438884e+01
2.060649766347572864e+01
2.138775765197117451e+01
2.050051980255800643e+01
2.311095569385511439e+01
2.169629761894979225e+01
2.203480942436877399e+01
2.407186242547486899e+01
2.269583750619944951e+01
2.131901794084054202e+01
2.315762332009852642e+01
2.410065114852537249e+01
2.403333863614330568e+01
2.474868736492116383e+01
2.643551299100068874e+01
2.128855008298262774e+01
2.516369618813693165e+01
2.385490148525306964e+01
2.333133742775610031e+01
2.419879952049392102e+01
2.155371703283936924e+01
2.155743063136487336e+01
2.169187420886398598e+01
2.250237712132859613e+01
2.313900082018826865e+01
2.236388117007306420e+01
2.028848651657989066e+01
2.213752124821955647e+01
2.460320248296460122e+01
2.124860572795750357e+01
2.201947796562631510e+01
2.194913198386436903e+01
2.454437868011198631e+01
2.313539618544804810e+01
2.142394338937782194e+01
2.481020209170544177e+01
2.116009292937465958e+01
2.171385657275401826e+01
2.250101127734872364e+01
2.371955349055199846e+01
2.346364119328542941e+01
2.339743563510907620e+01
2.396895155055535653e+01
2.160453569658827888e+01
2.187456457002403809e+01
2.508688979778299455e+01
2.263129562841219666e+01
2.532303430134363254e+01
2.148557146575218724e+01
2.226384639591255876e+01
2.666046305802085925e+01
2.710998302379611857e+01
2.143637347138260907e+01
2.242567635595841224e+01
2.263223313716035889e+01
2.468102769086824466e+01
2.195596724974271297e+01
2.147117734622998242e+01
1.975241087765672532e+01
2.338814748770964158e+01
2.472397058296996164e+01
2.527114085513588293e+01
2.091335852575794263e+01
2.110642222304717563e+01
2.412578069656149893e+01
2.435043003236152970e+01
2.046470435965171220e+01
2.409245303719808007e+01
2.147940187975911286e+01
1.999660633084124939e+01
2.327346306643925189e+01
2.471372416648610937e+01
2.340503516241340520e+01
2.291487991651843359e+01
2.098698627811943496e+01
2.191472907144732574e+01
2.035008881172813489e+01
2.072207767981618787e+01
2.051775408387468858e+01
2.250348533941449602e+01
2.455578149739687532e+01
2.255879642238740956e+01
2.410388606591418181e+01
2.326994705248670314e+01
2.343192171556289338e+01
2.612399350690587241e+01
2.068215090292264335e+01
2.240998588455320117e+01
2.145209679056832286e+01
2.347893056219681540e+01
2.150638764201101338e+01
2.283080302438060727e+01
2.452403308080272382e+01
2.271987445845576303e+01
2.166661993852411072e+01
2.330179435827126611e+01
2.376001733477045619e+01
2.330784295119334004e+01
2.467838433296945411e+01
2.357237928774583935e+01
2.272708990259327422e+01
2.397630860825003651e+01
2.104168658709208373e+01
2.064709899786198477e+01
2.315698358306875804e+01
2.047731049674447945e+01
2.272167383363338189e+01
2.289812353331259231e+01
2.489360564117865593e+01
2.391231540794835553e+01
2.776767575878923111e+01
2.167069720398304611e+01
2.280536160449363337e+01
1.951792059837774218e+01
2.435019160373586189e+01
2.678521320640846781e+01
2.515978775587279870e+01
2.384582343234554713e+01
2.244831007920329569e+01
2.194277142825329818e+01
2.193949324773702614e+01
2.254896831486924214e+01
2.284608629570420746e+01
2.149110022369421813e+01
2.382745610607554099e+01
1.985918802069691225e+01
2.142780966048707114e+01
2.443836997251295529e+01
2.117532898727019131e+01
2.261218101683298443e+01
2.076801399446608798e+01
2.317905985285311132e+01
2.483561748937664149e+01
1.930193461527563770e+01
2.506779710546445372e+01
2.177981645291092150e+01
2.517941359181787675e+01
2.007823697924400008e+01
2.166719348319345073e+01
2.085857584995997982e+01
2.246554407541574605e+01
2.102485152889972042e+01
2.242784949069895362e+01
2.594985178574776441e+01
2.008619398976053816e+01
2.278569888505105823e+01
2.178646879579979512e+01
1.900712208867935260e+01
2.203301779551830819e+01
2.530497959634309169e+01
2.302144706328491708e+01
2.265444948315984064e+01
2.211490011620967167e+01
2.189918160816381842e+01
2.121231600244080084e+01
2.479126128734584711e+01
2.052029543176713133e+01
2.064513510431993737e+01
2.084364341470802273e+01
2.130620565376797870e+01
2.445684359900252502e+01
2.282253694730797022e+01
2.461906048467421471e+01
2.292289059357811709e+01
2.484599282480263582e+01
2.361003965391935111e+01
2.351030944550797486e+01
2.260499994225554943e+01
1.826073207953890076e+01
2.352452165076498858e+01
2.226323890472754741e+01
2.263139896110909532e+01
1.879286305357549836e+01
2.374444037907193916e+01
2.310789725988999521e+01
2.414274429667086963e+01
2.391506958561888396e+01
2.129788528970445327e+01
2.167849296957860616e+01
2.131588165238632371e+01
2.399875468750670038e+01
2.092373976768841004e+01
2.440351676486328714e+01
2.180688474342512606e+01
2.381045311737714343e+01
2.265409037910388790e+01
2.307704173702940764e+01
2.495383650161426914e+01
2.198064766489836330e+01
2.644519472717834319e+01
2.217292454951740410e+01
2.066099087574566440e+01
2.410593914057911391e+01
2.154911932854433587e+01
2.447275144241158529e+01
2.590505480245650816e+01
2.359581755091110367e+01
2.122976935346717653e+01
2.666241226575332135e+01
2.190694691075344736e+01
2.288014892057655558e+01
2.044410092977331672e+01
2.264018039131895321e+01
2.381653680198800416e+01
2.281185094136093383e+01
2.271260902072438270e+01
2.586136974861552673e+01
2.218368879273979744e+01
2.459503585983994967e+01
2.478214383290230316e+01
2.131049132119864353e+01
2.384109698990178927e+01
2.315625045591203701e+01
2.267135250150654713e+01
2.653774208455497075e+01
2.410385058229275401e+01
2.400371637979360884e+01
2.036044826522966389e+01
2.086604174249633914e+01
2.190715143092930361e+01
2.232413996904950082e+01
2.573907925223754134e+01
2.340605125002238651e+01
2.209819356581165195e+01
2.135189605774723276e+01
2.229536397621544097e+01
2.330897305395360775e+01
2.214257573449981820e+01
2.226140748496974098e+01
2.155464364214480000e+01
2.189943042747054136e+01
2.104918578781639837e+01
2.282065997939905344e+01
2.374876392541780845e+01
1.892951146187829181e+01
2.102748628260465580e+01
2.020585929627682376e+01
2.516357814385283831e+01
2.063252359936931768e+01
2.343818387385999458e+01
2.133714083686052732e+01
2.181657440744669074e+01
2.383339243725104240e+01
2.429402590723812949e+01
2.376710388748540126e+01
2.008819413523298181e+01
2.293864753432621839e+01
2.655564341895647118e+01
2.324196784629943835e+01
2.396951512533607342e+01
2.372111456483726144e+01
2.158584584406194651e+01
2.198997714049994201e+01
2.364409546116295147e+01
1.897055792983541878e+01
2.438494839285757010e+01
2.405750598108381766e+01
2.349082093402569882e+01
2.301087473118775151e+01
2.256969185526039823e+01
2.270384668638505588e+01
2.270294191931880334e+01
2.368924276259005168e+01
2.109222479636735770e+01
2.194024790221749299e+01
2.355647780186648177e+01
2.277018374415100865e+01
2.445824049919679055e+01
2.115932958145535281e+01
2.205378990259399430e+01
2.193163374986826142e+01
2.485108031649247096e+01
2.012803234158595700e+01
2.240858748667426781e+01
1.974136691276526534e+01
2.538618624408586655e+01
2.237167726689752456e+01
2.423831266177498023e+01
2.423337593179002525e+01
2.034697500447173368e+01
2.007098944177874245e+01
2.242759102394500914e+01
2.323334387105803245e+01
2.084333422703696570e+01
2.316538048990052445e+01
2.259821747571623263e+01
2.514079860389247045e+01
2.234121256812683853e+01
2.324965501057062411e+01
2.406855431631789699e+01
2.197900752531540292e+01
2.409510867242694587e+01
2.474825557646042284e+01
2.438966501785418117e+01
2.352393036773419865e+01
2.444147370422065535e+01
1.872435024595902320e+01
2.248609558638108652e+01
2.305742573792994676e+01
2.389512500263193928e+01
2.323655432523356268e+01
2.219477092609075086e+01
2.353574413165273427e+01
2.470732944285154176e+01
2.709245194996557871e+01
2.123712345033514737e+01
2.172950469591705414e+01
2.146285031090954121e+01
2.191154190326196627e+01
2.108088258776316692e+01
2.105628890900372596e+01
2.149061955100765431e+01
2.555470990258600850e+01
2.324760932737380159e+01
2.229352122251934176e+01
2.252118579769542350e+01
2.359746525270599093e+01
2.318642073124556546e+01
2.347216117568060056e+01
2.283066512131654591e+01
2.356894490343472626e+01
2.261454523405602757e+01
2.400902226801548878e+01
2.344676206601563351e+01
2.279686925014122068e+01
2.413418152920846182e+01
2.185954476773006760e+01
2.170064801232213725e+01
2.210159601765321824e+01
2.358030280180672378e+01
2.253384823987929764e+01
2.061731466466142493e+01
2.312247456524876199e+01
2.536966417424905629e+01
2.263528649934060866e+01
2.106508159131244184e+01
2.423061583947778175e+01
2.470354929773717600e+01
2.274168325611691799e+01
2.036111291480822061e+01
2.169833207869029934e+01
2.349539473472273698e+01
2.105937017032708880e+01
2.359463695184809140e+01
2.129433184545091962e+01
2.118383636745250342e+01
2.149077719793353580e+01
2.391611122763519148e+01
2.367748650911504171e+01
2.213395576294833944e+01
2.516574416167854622e+01
2.258486396706900479e+01
2.332130835662652046e+01
2.444314471791986776e+01
2.328053827333507542e+01
2.055539883110371946e+01
2.270020653384542442e+01
2.206361580381215148e+01
2.184151417394049233e+01
2.194074506731445240e+01
2.322782834443939137e+01
2.304249120083673574e+01
2.216452890163262524e+01
2.652012337492024940e+01
2.070718964906212989e+01
2.388588391027580471e+01
2.362582885962879331e+01
2.130057357228917425e+01
2.596592041295015818e+01
2.211417596863326906e+01
2.354025508075477191e+01
2.038338241700268583e+01
2.362896073903525007e+01
2.043640550327685901e+01
2.162596906250286466e+01
2.150564081794932392e+01
2.402532582014567453e+01
2.121802064794887244e+01
1.975417077947984978e+01
2.255317266036610491e+01
2.455656542148398813e+01
2.332590113147582755e+01
2.345338302133867003e+01
2.227737272283652814e+01
2.205299916649799385e+01
2.355967871897232868e+01
2.228481732355040634e+01
2.286795711923457119e+01
2.458642482298155230e+01
2.105974975684413053e+01
2.109885971747522504e+01
2.135955111743175294e+01
2.356888794860220315e+01
2.052008212172478707e+01
2.324650857555371530e+01
2.118290462734703539e+01
2.567339820339347156e+01
2.499710676039410373e+01
2.158625482755195080e+01
2.209701676733699216e+01
2.307691705075997746e+01
2.326176543665372876e+01
2.228860566456199166e+01
2.344482721975877482e+01
2.255634327164425557e+01
2.352686034108755209e+01
2.239954232210401130e+01
2.251974703628809493e+01
2.281630559417452275e+01
2.662289651552359260e+01
2.507869968866372190e+01
2.335987989023999845e+01
1.972957907203623762e+01
2.330035321048713115e+01
2.059860394516670112e+01
2.627555068719534503e+01
2.141796538645053971e+01
2.456512395824762152e+01
2.129079409666844924e+01
2.462922554282371834e+01
2.153669016454686513e+01
2.202494382663227057e+01
2.158675085085333478e+01
2.112099538642391039e+01
2.404500440764277158e+01
2.636924718089616704e+01
2.317700597697629306e+01
2.483788661248606999e+01
2.131571089708229039e+01
2.171918260225756470e+01
2.129397995702584723e+01
2.176898175533450086e+01
2.074851212046100812e+01
2.251518038958654344e+01
