2.457234382141874107e+01
2.643323464093942476e+01
2.402921315233934507e+01
2.486786358724910073e+01
2.087188690076573749e+01
2.299624739202919699e+01
2.288582137383334469e+01
2.540591176763598469e+01
2.282948302628168236e+01
2.038458502772905234e+01
2.229385274331391997e+01
2.363893789852540195e+01
2.485994939958614580e+01
2.363358255843618849e+01
2.329510172961544257e+01
2.106102112255881309e+01
2.315840909139264880e+01
2.649857429148093502e+01
2.378766996774788467e+01
2.233350421501673466e+01
2.067978708782940700e+01
2.326072441252440015e+01
2.530884690327964037e+01
2.158615274710435727e+01
2.094848831303088232e+01
2.077672411764878291e+01
2.330045538887592116e+01
2.500431580895066119e+01
2.541188133219473499e+01
2.359139349309798206e+01
2.412886423604226493e+01
2.290230618701862042e+01
2.207452076101782268e+01
2.278605279607146272e+01
2.390190653322113334e+01
2.089175677947944010e+01
2.394418316020022530e+01
2.308737522694535116e+01
2.411630513022753064e+01
2.332778122582132951e+01
2.065853063589227290e+01
2.382661730627530972e+01
2.421549083934806035e+01
2.412287077355238907e+01
2.450916696935828298e+01
2.315132451132469527e+01
2.434082423946484042e+01
2.201154653258829796e+01
2.480775794459249894e+01
1.998842991181598450e+01
2.261109572660453537e+01
2.348166402878793946e+01
2.342756120160613520e+01
2.092702092795898139e+01
2.081170789450296610e+01
2.175311587772883115e+01
2.249604182711016875e+01
2.542139471828044961e+01
2.364720792210719935e+01
2.180057913220196397e+01
2.485531459218184835e+01
2.259951831022062763e+01
2.267319610800923257e+01
2.019013576653933839e+01
2.457155479682817401e+01
2.001984885022496741e+01
2.453544584096236747e+01
2.194261584415485444e+01
2.127571439774759909e+01
2.126484086469601209e+01
2.135066106017483989e+01
2.364796459912124504e+01
2.100000002130282795e+01
2.182625307982331364e+01
2.363030852582305030e+01
2.067814498120976907e+01
2.186327693016530560e+01
2.515908239797821011e+01
2.290243257346785555e+01
2.278429704096904018e+01
2.415473423184739943e+01
2.345381087840358347e+01
2.021465661747931719e+01
2.450698494371305358e+01
2.411412456170419105e+01
2.182652188968257789e+01
2.163834880184614917e+01
2.227257234971693478e+01
1.923415157424167177e+01
2.130090000127081495e+01
2.323617091335432860e+01
2.126699296344539292e+01
2.243513499484666696e+01
2.351321149345609385e+01
1.930440125544701147e+01
2.341314363952317734e+01
2.230756063867899286e+01
2.336418987134103276e+01
2.151129918274440200e+01
2.214866575907764101e+01
2.101530090154702535e+01
2.474306247586476104e+01
1.919410576684357039e+01
2.499921769426808282e+01
2.056381389158966400e+01
1.734492360760143370e+01
1.910405300911720872e+01
2.400661317056165700e+01
2.059716985506251419e+01
2.555614543011854423e+01
2.356582318001188625e+01
2.334582713896681838e+01
2.147438586261420568e+01
2.070709134011750052e+01
2.196668350453927232e+01
2.353647778932940682e+01
2.303547295166239905e+01
2.317674494868481005e+01
2.220719759819249717e+01
2.506935216964812341e+01
2.393310029796694494e+01
1.981517032914483423e+01
2.143887091076912554e+01
2.166000880571070297e+01
2.198405459189402933e+01
2.784312328529620117e+01
2.123811987640106480e+01
2.248219903078051018e+01
2.524152266619371332e+01
2.109343600205987457e+01
2.217323784232403838e+01
2.086238715699157353e+01
2.057394569170329746e+01
2.295211059121049857e+01
2.387080780788573264e+01
2.312656877196939575e+01
2.286272606192316914e+01
2.064683154700758649e+01
2.168972916209127533e+01
2.325150215995046921e+01
2.274526705939383220e+01
2.166049882117633274e+01
2.164972076503599752e+01
2.034289502046058473e+01
2.162082078622354331e+01
2.163299736254298011e+01
2.277798972098418062e+01
2.185557294953508389e+01
2.347711720020955894e+01
2.244174178571186573e+01
2.562478047977801410e+01
2.299418913656924701e+01
2.165951299128301599e+01
2.224700757438913712e+01
2.238936918904974149e+01
2.487967429537877706e+01
2.196063244929253244e+01
2.359613543645840039e+01
2.492736014588283666e+01
2.283079387211074973e+01
2.716966979010889105e+01
2.478622830855036696e+01
2.156061775552091575e+01
2.154903284990376022e+01
2.017445321070243835e+01
2.446760266359955693e+01
2.042255190700500478e+01
2.157235344494436546e+01
2.244533919328168636e+01
2.228058807497252403e+01
2.178818550631751805e+01
2.011356305357483620e+01
2.489044023609204359e+01
2.146928593193748824e+01
2.269646145270145965e+01
2.412818290486438144e+01
2.194418683700594741e+01
2.611119049040485507e+01
2.293175890013817764e+01
2.286449880947142788e+01
2.194455109714737517e+01
2.252960327579777555e+01
2.235153277378051939e+01
2.169789580374532889e+01
1.931262836216590628e+01
2.071620954136509241e+01
2.216579184667643787e+01
2.258910332143007338e+01
2.474478617427890370e+01
2.388771330239136503e+01
2.198027316041786960e+01
2.454143479324324062e+01
2.238647775004295326e+01
2.528125732231706380e+01
2.320972984704953390e+01
2.174614931074299662e+01
2.278041774896191640e+01
2.524409566445658015e+01
2.245464639418492681e+01
2.402540804785186523e+01
2.461300309911390372e+01
2.553646086898185530e+01
2.137938922389903595e+01
2.184908674958290931e+01
2.533213169359787997e+01
2.363532539393389698e+01
2.423271436359143749e+01
2.501636850495228259e+01
2.270561285993692735e+01
2.073398570407885089e+01
2.042571639864720368e+01
2.507368530190097999e+01
2.282121390312165587e+01
2.256625728903818029e+01
2.096836329664030885e+01
2.300863824950769398e+01
2.376344064557962099e+01
2.515123534447410236e+01
2.353142982380383330e+01
2.454942403303441267e+01
2.187489508383544035e+01
2.256539232809818785e+01
2.255205763536755015e+01
2.155214224341945695e+01
2.158753021787619986e+01
2.183009481372665306e+01
2.215167209354614641e+01
2.062355623060096477e+01
2.126461711317690018e+01
2.291196415446032475e+01
2.151016915433109133e+01
2.269708514737464355e+01
2.439586273033239294e+01
2.335309036152962037e+01
2.124545585498731981e+01
2.221702594799266706e+01
2.133154423878235306e+01
2.209485141629323124e+01
2.470003880089452153e+01
2.190486537939491285e+01
2.458091410394987975e+01
2.278919383020036449e+01
2.109598055588410759e+01
2.192961638398958613e+01
2.610082220130001929e+01
2.305747033426034065e+01
2.106322870157650229e+01
2.157354025118017304e+01
2.186880599118099511e+01
2.031774634542834690e+01
2.287348891607533830e+01
2.424394397593190220e+01
2.169530990406805770e+01
2.033576632240208681e+01
2.251134456796008365e+01
2.530748409217112282e+01
2.287637906030550283e+01
2.338440755818566075e+01
2.114666177099566369e+01
2.288154102010389579e+01
2.024975468232834785e+01
2.267036003727998406e+01
2.370360988133256086e+01
2.318581773162932080e+01
2.250178908681893120e+01
2.079188401494823424e+01
2.158098487796692666e+01
2.139424388400798094e+01
2.342972770731421761e+01
2.156572786499678429e+01
2.219627380157667673e+01
2.223748665366455768e+01
2.461188975260036571e+01
1.914308744957415698e+01
2.322670623102611742e+01
2.231634765210322868e+01
2.174796365735463155e+01
2.217113454901419800e+01
2.151658824896095723e+01
2.220479837245517274e+01
2.541247964611334353e+01
2.362661073944144619e+01
2.254929190086100377e+01
2.430307464517116856e+01
2.202437944157225402e+01
2.361742895798061070e+01
2.363053850607683515e+01
2.324228423886094674e+01
2.300922193665799753e+01
2.671325133967536658e+01
2.272296027963603748e+01
2.309867116601894921e+01
2.651661092272818010e+01
2.159225828299851813e+01
2.510316259616054779e+01
2.226352860918205323e+01
2.148908629831882777e+01
2.413600437848934277e+01
2.457374787910697478e+01
2.347234934665658557e+01
2.312483170197756266e+01
2.132442342113526834e+01
2.132092371751976501e+01
1.968195111941176023e+01
2.439645143296743868e+01
2.150612071900883393e+01
2.238770733409055325e+01
2.763891469364101638e+01
2.120904901759443817e+01
1.871497118837150708e+01
1.931517527499900311e+01
2.187135577392851715e+01
2.477562168499535389e+01
2.178107320185080198e+01
2.306717085757423291e+01
2.323144830556053719e+01
2.669099333557498355e+01
2.479605444819472382e+01
2.193252252990721729e+01
1.707253422367732654e+01
2.664723362533746354e+01
2.631223652703695493e+01
2.431360989733203937e+01
2.377608886982432068e+01
2.123004324400359977e+01
2.145018303473568722e+01
2.127943433887517699e+01
2.404100305145087901e+01
2.177559151655661296e+01
2.092391045644377812e+01
2.306408356614160837e+01
1.923040577269592433e+01
2.408140793335010343e+01
2.037165652823089346e+01
2.498616896593165038e+01
2.525176707772469342e+01
2.610859305886205206e+01
2.383926439692590549e+01
2.480022274294702456e+01
2.269786875080278676e+01
2.394950844332458573e+01
2.446328352673499396e+01
2.047908619139660047e+01
2.403651317492690964e+01
2.392413046886888850e+01
2.062974889150154922e+01
2.367601072653712535e+01
2.101856478056815902e+01
2.259124613951331995e+01
2.280716034871922204e+01
2.342289915465575589e+01
2.373285485360716507e+01
2.524508391658526207e+01
2.339737146345375152e+01
2.090398228203054742e+01
2.219200837130829029e+01
2.425960681206266401e+01
2.392877763140664626e+01
1.988339179600655271e+01
2.392422991544172817e+01
2.509246079159748888e+01
2.249111752796651587e+01
1.813409343302100396e+01
2.432141756978132818e+01
2.408366205104762514e+01
2.335354162774387632e+01
2.486956933607971010e+01
2.285292879080803985e+01
2.004119534333491970e+01
2.220174050165505619e+01
2.061357597115872764e+01
2.645087366333921963e+01
2.232726505501052827e+01
2.099785370708994137e+01
2.197216225507470710e+01
2.167071121121625765e+01
1.973441186420389570e+01
2.082204008920959737e+01
2.216237774557863816e+01
2.388281081748752399e+01
1.958779222189287594e+01
2.457601450391863196e+01
2.545753567099800918e+01
2.305095875963061758e+01
2.305937175902773362e+01
1.967221446362216497e+01
2.483731850955750886e+01
2.463980402108138179e+01
2.297975382403882705e+01
2.201319061255708576e+01
2.553204662441931916e+01
2.075429767827259298e+01
2.336479956072625797e+01
2.481733730986898934e+01
2.420552689558765280e+01
2.286563888521037313e+01
2.178123338722188862e+01
2.299825874809340931e+01
1.994957259511418002e+01
2.332321955683600123e+01
2.586169703299077227e+01
2.202545906624098748e+01
2.196048318769168972e+01
2.118480454591916029e+01
2.188672174223482969e+01
2.236983801725308751e+01
2.225452077138467644e+01
2.360424285359804486e+01
2.121354103677781211e+01
1.995646296428668620e+01
2.222078290237472942e+01
2.239049856485643986e+01
2.312749159925248321e+01
2.239382172442605068e+01
2.206893988336261003e+01
2.106166286288808109e+01
2.111859142640118137e+01
2.254639086246784885e+01
2.322529892531576579e+01
2.397421963992185923e+01
2.522012129119940482e+01
2.138612288475253465e+01
2.016296403872761189e+01
2.149662708198783179e+01
2.358762820848479436e+01
2.015158948792031168e+01
2.035417350071730169e+01
2.240421788795310931e+01
2.154629317754853446e+01
2.586968463886310232e+01
2.122115822782237160e+01
2.253657399740418299e+01
2.574778470633619065e+01
2.457164087317955037e+01
2.162938837537114622e+01
2.262456519660351972e+01
2.126287230803697526e+01
2.385152060116964634e+01
2.038558465859529889e+01
2.074428441250221411e+01
2.294644755467230723e+01
2.162653194327820927e+01
2.136801282017612991e+01
2.069195626283141465e+01
2.268353926871260740e+01
2.370220912491952348e+01
2.625176625941112718e+01
2.095692136088754154e+01
2.151348570388861603e+01
2.103342464651910504e+01
2.569665588823769298e+01
2.539035843593224939e+01
2.402574553357753118e+01
2.196102464681252897e+01
2.184613191275450106e+01
2.315306983560259724e+01
2.229897142612510308e+01
2.267296897688209967e+01
2.182574988012913053e+01
2.017047420569608818e+01
2.249613280253409897e+01
2.105085012818919665e+01
2.395568583239941773e+01
2.475998678926480423e+01
2.424795274003812295e+01
2.237987013917519974e+01
2.169133548357205399e+01
2.503225915751194108e+01
2.257382201598153415e+01
2.530899465339250298e+01
2.168744227811059488e+01
2.426875905240090603e+01
2.238655346731089679e+01
2.583307701013863422e+01
2.709242967609954533e+01
2.228475829730880520e+01
2.456376303924967175e+01
2.535776125025153860e+01
2.241009406273099813e+01
2.178979464993499704e+01
2.259410513778474439e+01
2.344263543592669663e+01
2.101541881322569694e+01
2.339394799899912414e+01
2.327995543963147540e+01
2.233430042816826600e+01
1.853542701692396122e+01
2.451114956635953845e+01
2.517845058357178445e+01
2.072472717235326201e+01
2.269529333760567624e+01
2.398314242533094287e+01
2.233940036581347854e+01
2.464430485789843672e+01
2.250081168706952184e+01
1.881094064098663665e+01
2.472222698396863549e+01
2.344348369609145877e+01
2.293112924853873125e+01
2.011064375690683903e+01
2.232388442592061750e+01
2.256624914551342442e+01
2.082659962500745365e+01
2.335903801133887825e+01
2.399066145206932887e+01
2.364116150138539396e+01
2.244729859328101540e+01
2.254168296534766469e+01
2.404548323123560394e+01
2.193284345642537403e+01
2.141315982477432200e+01
2.281750420834307391e+01
2.234076879759927436e+01
2.050837268950051850e+01
2.142759577603055376e+01
2.169222883408125924e+01
2.134364962604892568e+01
2.328227931879905910e+01
2.035389098152721132e+01
2.339765707016495355e+01
2.616357379036698561e+01
2.148598368024075000e+01
2.269978599855125267e+01
2.470467071037068152e+01
2.135971509669619550e+01
2.276941564333198897e+01
2.372431873387218104e+01
2.262050802731168986e+01
2.090561334728504761e+01
2.448486336271935215e+01
2.107663279997423444e+01
2.246011365228586243e+01
2.366292957628600391e+01
2.257756157886126402e+01
2.205840933273083948e+01
2.163664081119420501e+01
2.291623029902643083e+01
2.514439942945592676e+01
2.459524793167623002e+01
2.289731141359235167e+01
2.094312562311773718e+01
2.351476109940427861e+01
2.092256872479811847e+01
2.368053373444157472e+01
2.139789197293643852e+01
2.082821756035426120e+01
2.161901932102898627e+01
2.123712193916727742e+01
2.149014513994481845e+01
2.181960977238625787e+01
2.313259175084036556e+01
2.480833008563358533e+01
2.064512417599385685e+01
2.046749738178159461e+01
2.453596273451727328e+01
2.112503905941640525e+01
2.469825090045509342e+01
2.213466189163124298e+01
2.146598037747212473e+01
2.286571886006485599e+01
2.163024409296025752e+01
2.108225493969491282e+01
2.734983729302646083e+01
2.150516385105355610e+01
2.284322007224484352e+01
1.960335699434644852e+01
2.285258723475126530e+01
2.053969874386296013e+01
2.133057218513003761e+01
2.042664256273274859e+01
2.303202774121782781e+01
2.164605049745651755e+01
2.194301970297187054e+01
2.397636399408115437e+01
2.263057280214287914e+01
2.121840476595553682e+01
2.308174923325787731e+01
2.409409036815520722e+01
2.393018178887335878e+01
2.468583901000143399e+01
2.635514920738494737e+01
2.122959711540262617e+01
2.510177371448966355e+01
2.380621926994234627e+01
2.320296519000387647e+01
2.412800703508440137e+01
2.147331922999786968e+01
2.146858996097513028e+01
2.163441421811758403e+01
2.249887683854773357e+01
2.302945568021250011e+01
2.237106295944266421e+01
2.025508743804156353e+01
2.201540730725339401e+01
2.452148910218514644e+01
2.119121220208991474e+01
2.189451097833704196e+01
2.189244574270491839e+01
2.441060800088325067e+01
2.314100577464948572e+01
2.133597828674885477e+01
2.471927895673377762e+01
2.110878632431906254e+01
2.165925490665613040e+01
2.239300722140520961e+01
2.368768812401441792e+01
2.338942797739854385e+01
2.338466500044087226e+01
2.397217362151499032e+01
2.151355822768403669e+01
2.188457482169623347e+01
2.507771657107380392e+01
2.253304885164073568e+01
2.529262124939865686e+01
2.137784002181223286e+01
2.213318863151593519e+01
2.651283604458776111e+01
2.700725543924935579e+01
2.135472503384655596e+01
2.234803856289963520e+01
2.257518709195814210e+01
2.462910893116198707e+01
2.186188418657076582e+01
2.142075343047419977e+01
1.965109584465716352e+01
2.332643661385107237e+01
2.459958428501207806e+01
2.520352692882901735e+01
2.083350842082827015e+01
2.097875304660439610e+01
2.408083077652525361e+01
2.428042446995004155e+01
2.033538991626790349e+01
2.392044743528050077e+01
2.139137849977810646e+01
1.995962707222266985e+01
2.320682452318195743e+01
2.466067722594444689e+01
2.328185944712710054e+01
2.277753790236616993e+01
2.089194739682938717e+01
2.181332769707298169e+01
2.029747660687544908e+01
2.060034499863861157e+01
2.038947307316918867e+01
2.245762101218375761e+01
2.444763358021222643e+01
2.253512890659638046e+01
2.408310611431858561e+01
2.319224041828801219e+01
2.334177041359077975e+01
2.600286288573498794e+01
2.058287202661920645e+01
2.230832779091297624e+01
2.136596185593645103e+01
2.341054875927064671e+01
2.143870015415791741e+01
2.275919252414104932e+01
2.446047216214201825e+01
2.262549661376202437e+01
2.161650055113551261e+01
2.319528305572933391e+01
2.371251102844242808e+01
2.324103888570833831e+01
2.458375181857351066e+01
2.351470641449745713e+01
2.264195583906315079e+01
2.385628620457825377e+01
2.095573127072917430e+01
2.051505357602637503e+01
2.312647426116178551e+01
2.041196830505534976e+01
2.268048318930238949e+01
2.281180872202069665e+01
2.483537302018867265e+01
2.383466668012390954e+01
2.769478495091300019e+01
2.163901854890680454e+01
2.276990725668266791e+01
1.942888525276532974e+01
2.422382966149039873e+01
2.669123721294565499e+01
2.505435746677641617e+01
2.381276511516308503e+01
2.238498409135496559e+01
2.188857754089559648e+01
2.190838608288180467e+01
2.248712176186787204e+01
2.277391274574548774e+01
2.138458428333088435e+01
2.381178213899290697e+01
1.975327165625245840e+01
2.140447256869203585e+01
2.438662039947210758e+01
2.116461058435350040e+01
2.256899825927626679e+01
2.069990426413668416e+01
2.310920529701948567e+01
2.475944974437490842e+01
1.923634350598519305e+01
2.498580250470368114e+01
2.170557515621078437e+01
2.505049245713494699e+01
2.000233448453498397e+01
2.165553650683667897e+01
2.072056284637029222e+01
2.235275671164559341e+01
2.095086300372161858e+01
2.231309654529673381e+01
2.585909279860351262e+01
1.998722963163606892e+01
2.271579427092553516e+01
2.173201897656496939e+01
1.891186536656893935e+01
2.197408159209320289e+01
2.523331027015384009e+01
2.295935635502846139e+01
2.259951930551753918e+01
2.205063874589549400e+01
2.181133586327197094e+01
2.112560180528609877e+01
2.476188329685513878e+01
2.045407546984117175e+01
2.058448250701136573e+01
2.078110670365012069e+01
2.123512973628113087e+01
2.441588383702574205e+01
2.273358612826362446e+01
2.452914483409452018e+01
2.282600508198624212e+01
2.476697845290303945e+01
2.361290168003544210e+01
2.343493084804764237e+01
2.253162720492868232e+01
1.820144409779383921e+01
2.346053446023321598e+01
2.227949985968665203e+01
2.255140116796859928e+01
1.867609564684266132e+01
2.363479576544191829e+01
2.298858011773033638e+01
2.404734353356388254e+01
2.383498180932740951e+01
2.119943520517099245e+01
2.163633110012604632e+01
2.125862040637600714e+01
2.393398936567977842e+01
2.082238516600534695e+01
2.435087818377874314e+01
2.174712787111207746e+01
2.371776995908014740e+01
2.261454277326095408e+01
2.300930982601574826e+01
2.491484817008341679e+01
2.192512997857801338e+01
2.642235423713212938e+01
2.210245636496892985e+01
2.057516057332659187e+01
2.395072267614997230e+01
2.148908602081411345e+01
2.439577326570691085e+01
2.586690277927143100e+01
2.352680226520374163e+01
2.112919504187967945e+01
2.655262984470310883e+01
2.188090696999676865e+01
2.280919068070780398e+01
2.032814604067387165e+01
2.260437076813842694e+01
2.370773595063770500e+01
2.273404166259187420e+01
2.262878779562527143e+01
2.580632464533147186e+01
2.202975700182691199e+01
2.458381057093306055e+01
2.471859975476614935e+01
2.114836344721810590e+01
2.375877274477867829e+01
2.302976977756584986e+01
2.257981070377202215e+01
2.646694549896310988e+01
2.394728807038567453e+01
2.387270040521794456e+01
2.024817696172289416e+01
2.081608389519139024e+01
2.182892068299979371e+01
2.228982457789665617e+01
2.561176774552438218e+01
2.330642666941924546e+01
2.207360771226848684e+01
2.131253923836216657e+01
2.219266848608551257e+01
2.325966971754973400e+01
2.200136050657336284e+01
2.217833378276043632e+01
2.150616935918723982e+01
2.186379752700402435e+01
2.094450871131372693e+01
2.269846319770166687e+01
2.368356059473129349e+01
1.889632128876579031e+01
2.093383498700193712e+01
2.011248511728664923e+01
2.510251859195069457e+01
2.060141233179160380e+01
2.336741594587860860e+01
2.126442613580158181e+01
2.175726308194879266e+01
2.366970842580411727e+01
2.427115053607255035e+01
2.368517301694201649e+01
2.005494025980085482e+01
2.280319992590183276e+01
2.647771529131162183e+01
2.317436335803841985e+01
2.388402210696570549e+01
2.364128869331245753e+01
2.149925663445647217e+01
2.194080102892515427e+01
2.356470038682229529e+01
1.891779656899727513e+01
2.427386378049277127e+01
2.396384479230604470e+01
2.339635492537024319e+01
2.298003447273886479e+01
2.251566849412101234e+01
2.255985792671246415e+01
2.258134066417512287e+01
2.362712413235331255e+01
2.101525419391775173e+01
2.187886549535705072e+01
2.349439093692379998e+01
2.275834946628605238e+01
2.430145499061417169e+01
2.099766501026307353e+01
2.192256096064627258e+01
2.186406892493333842e+01
2.477212721206726087e+01
2.002948166534963903e+01
2.235248957110470513e+01
1.969529227399804938e+01
2.531461390990811466e+01
2.234576691185675301e+01
2.416353111637678452e+01
2.405223858062802478e+01
2.031199057781888229e+01
1.992495939751287537e+01
2.238371863644412585e+01
2.317829753446125807e+01
2.079220769731762886e+01
2.310241323364593669e+01
2.252214638611912534e+01
2.505488967252571086e+01
2.223070184948899097e+01
2.314284642777845136e+01
2.398345261109196613e+01
2.192843637668251944e+01
2.404192705706268640e+01
2.469419396660323329e+01
2.435365551101338610e+01
2.345557072044391234e+01
2.436522168781237951e+01
1.869250671550000931e+01
2.236949175387631783e+01
2.294867154758194872e+01
2.383498686742739991e+01
2.316593039611412408e+01
2.206715202133867848e+01
2.348028746869409034e+01
2.461045635222513184e+01
2.702797569188803095e+01
2.120550656284479984e+01
2.160891457224759904e+01
2.137594847783469731e+01
2.174340186725221358e+01
2.103388697638738947e+01
2.092888077066800179e+01
2.140904253175505900e+01
2.550841159667388425e+01
2.318337998373265307e+01
2.223241216854487234e+01
2.238882567460000317e+01
2.352149961493228503e+01
2.313654746318825062e+01
2.340923720368549965e+01
2.277811340902466242e+01
2.348114964613206368e+01
2.251143457795651415e+01
2.390625942623931266e+01
2.333468442794456976e+01
2.270167363689607498e+01
2.399588599235724473e+01
2.173927810535430183e+01
2.163722560368867320e+01
2.201718564125302535e+01
2.354334368267550204e+01
2.246110880193953108e+01
2.053563684822416491e+01
2.305167934747158398e+01
2.535406377784434184e+01
2.260735975297765776e+01
2.099041634988628857e+01
2.417812500672311415e+01
2.466260248618272755e+01
2.258183221822315190e+01
2.029541466778574588e+01
2.160271031988123980e+01
2.338132051327426453e+01
2.093905971983228298e+01
2.354049957544635774e+01
2.121183699205077389e+01
2.114099145688487269e+01
2.142271211993026370e+01
2.381791383117425553e+01
2.360775312753935040e+01
2.204817054341360461e+01
2.502375714303198251e+01
2.259429644406399618e+01
2.324809161159467763e+01
2.436173577491834408e+01
2.323166001494479360e+01
2.045610492033533134e+01
2.267197930510098303e+01
2.198579044677411787e+01
2.175256531628593848e+01
2.187934021827144448e+01
2.314409143436683891e+01
2.300253223516163104e+01
2.208694366393889297e+01
2.649571529743380793e+01
2.063682429554478048e+01
2.375984548913639571e+01
2.351401162542039458e+01
2.123073694965827585e+01
2.589853451995816869e+01
2.206326526511232089e+01
2.345541929143875493e+01
2.033107789112653663e+01
2.351685634352592302e+01
2.030888621036343267e+01
2.153745771925762398e+01
2.140929147412165889e+01
2.390778396027218733e+01
2.111865927700604573e+01
1.966292441458317342e+01
2.248799588387254289e+01
2.455361596756114295e+01
2.319668920557218073e+01
2.332961682473600007e+01
2.220032612265457317e+01
2.196087936717729505e+01
2.349219539555197755e+01
2.227199954775578306e+01
2.282470795494090510e+01
2.447958797694506572e+01
2.091984535648066768e+01
2.096752444147549355e+01
2.128634328387797581e+01
2.348937143620621981e+01
2.049178006306059885e+01
2.319979995528972339e+01
2.103509228588256619e+01
2.552830080968061566e+01
2.488397570952475135e+01
2.151580584277934349e+01
2.204238723907721820e+01
2.307759341118846663e+01
2.320983061906151335e+01
2.220023064960641435e+01
2.336829341048745334e+01
2.251479741422578940e+01
2.344888369029954234e+01
2.236869951627442532e+01
2.251052866259845331e+01
2.271491113269186002e+01
2.657909332458338270e+01
2.497709987620935834e+01
2.329414876836851178e+01
1.963893005618427168e+01
2.326354674600074546e+01
2.053800625458211115e+01
2.619301875762498710e+01
2.132643203851618807e+01
2.450376517883933758e+01
2.121600128163983712e+01
2.460536157646920330e+01
2.145437388420689473e+01
2.197908506428397502e+01
2.147685557507929133e+01
2.108364303483051927e+01
2.396808297570827406e+01
2.631966400537697837e+01
2.314686160103489598e+01
2.472292864073491359e+01
2.122937553252707232e+01
2.161650926612912116e+01
2.123092753028042878e+01
2.169532463102899911e+01
2.069530598971191893e+01
2.246113382459374108e+01
